0 0.179133409350057 0.3183870967741936 0.21413911060433297 0.2206451612903226
0 0.18135689851767392 0.5075806451612903 0.21265678449258837 0.1338709677419355
0 0.17930444697833525 0.7327419354838709 0.21151653363740022 0.28225806451612895
0 0.3873432155074117 0.28024193548387094 0.11379703534777652 0.07822580645161291
0 0.5335803876852908 0.2841935483870968 0.11117445838084386 0.06258064516129035
0 0.3879133409350058 0.3770967741935484 0.11949828962371724 0.07419354838709677
0 0.38597491448118587 0.5112903225806451 0.11516533637400228 0.07903225806451612
0 0.5354047890535918 0.5212903225806452 0.11345496009122001 0.09483870967741938
0 0.3923603192702395 0.6372580645161291 0.1297605473204105 0.12290322580645159
0 0.5436716077537058 0.6387096774193548 0.14367160775370574 0.12419354838709677
0 0.3891676168757126 0.8212903225806453 0.1233751425313569 0.09483870967741938
0 0.5352337514253136 0.8229032258064517 0.1229190421892816 0.09483870967741938
0 0.7649942987457241 0.5415322580645161 0.22143671607753712 0.09596774193548387
0 0.7948688711516534 0.32887096774193547 0.18221208665906494 0.09322580645161292
