0 0.27403225806451614 0.14264538198403648 0.08096774193548385 0.04013683010262257
0 0.3734677419354839 0.14241733181299887 0.08306451612903226 0.040820980615735476
0 0.4920967741935484 0.13945267958950971 0.12290322580645159 0.046750285062713816
0 0.6304838709677419 0.13973774230330674 0.1238709677419355 0.047320410490307885
0 0.27516129032258063 0.22987457240592932 0.08258064516129031 0.11425313568985176
0 0.37338709677419357 0.23033067274800456 0.08225806451612903 0.11402508551881414
0 0.490483870967742 0.23021664766248576 0.12129032258064515 0.11379703534777652
0 0.6307258064516129 0.22987457240592932 0.12338709677419354 0.11425313568985176
0 0.7706451612903225 0.13848346636259976 0.12258064516129023 0.048460661345495995
0 0.8891129032258065 0.14332953249714936 0.0814516129032258 0.03990877993158493
0 0.7693548387096775 0.23010262257696695 0.12258064516129032 0.11402508551881414
0 0.8891935483870969 0.23021664766248576 0.08419354838709685 0.11379703534777652
