0 0.6701030927835051 0.090491452991453 0.4933726067746686 0.0608974358974359
0 0.6720176730486008 0.16020299145299147 0.49513991163475696 0.06356837606837606
0 0.6721649484536082 0.23130341880341881 0.4916053019145802 0.05876068376068377
0 0.53240058910162 0.4245726495726496 0.22238586156111928 0.09700854700854702
0 0.8030927835051546 0.42526709401709406 0.2253313696612665 0.09668803418803419
0 0.5235640648011782 0.5648504273504275 0.20176730486008837 0.13653846153846155
0 0.7939617083946982 0.5625534188034188 0.19764359351988225 0.1319444444444444
0 0.5148748159057438 0.7251068376068376 0.20147275405007364 0.07029914529914526
0 0.7883652430044181 0.7259615384615385 0.19293078055964646 0.06730769230769232
0 0.514580265095729 0.8355769230769232 0.18969072164948456 0.050427350427350484
0 0.7867452135493374 0.836431623931624 0.19145802650957297 0.053632478632478685
