0 0.4401612903225806 0.3424173318129989 0.44806451612903225 0.07867730900798175
0 0.4390322580645162 0.4284492588369441 0.4464516129032258 0.08722919042189282
0 0.43983870967741945 0.5280501710376283 0.44806451612903225 0.06408209806157354
0 0.4401612903225806 0.5915621436716078 0.44806451612903225 0.024173318129988585
0 0.4391935483870968 0.6456670467502851 0.4467741935483871 0.03591790193842646
0 0.747258064516129 0.3605473204104903 0.1390322580645161 0.013683010262257697
0 0.7482258064516129 0.41915621436716083 0.1390322580645161 0.07844925883694415
0 0.747741935483871 0.49150513112884836 0.14064516129032256 0.027936145952109463
0 0.7482258064516129 0.5280501710376283 0.14 0.029418472063854062
0 0.7485483870967742 0.5736602052451539 0.1390322580645161 0.022576966932725213
0 0.7487903225806452 0.5951539338654505 0.13951612903225807 0.019954389965792477
0 0.7487096774193549 0.7561003420752566 0.14322580645161292 0.0446978335233752
