0 0.3871370967741935 0.29646522234891676 0.08911290322580641 0.12200684150513114
0 0.4533870967741935 0.2972633979475485 0.04258064516129029 0.12063854047890538
0 0.6387096774193548 0.29726339794754847 0.32741935483870965 0.11744583808437857
0 0.8456451612903225 0.32126567844925885 0.08612903225806448 0.16704675028506272
0 0.9336290322580644 0.32867730900798175 0.08854838709677415 0.15450399087799316
0 0.38701612903225807 0.46396807297605475 0.08693548387096771 0.11607753705815281
0 0.45241935483870965 0.4646522234891676 0.043548387096774194 0.11858608893956671
0 0.6381048387096774 0.4646522234891676 0.32620967741935486 0.11744583808437857
0 0.8451612903225807 0.49019384264538196 0.08709677419354839 0.16738882554161919
0 0.9335483870967741 0.49680729760547326 0.08774193548387094 0.15484606613454963
