0 0.329758064516129 0.09064994298745724 0.5685483870967742 0.04789053591790194
0 0.33048387096774196 0.14891676168757126 0.5690322580645162 0.06294184720638539
0 0.33241935483870966 0.201539338654504 0.5696774193548387 0.04047890535917902
0 0.4532258064516129 0.41590649942987457 0.7532258064516129 0.019954389965792477
0 0.33080645161290323 0.4676168757126568 0.5664516129032258 0.018472063854047878
0 0.32967741935483874 0.545952109464082 0.5690322580645162 0.09030786773090078
0 0.33129032258064517 0.6289623717217788 0.5690322580645162 0.0640820980615736
0 0.3682258064516129 0.8584948688711517 0.642258064516129 0.018015963511972582
0 0.36903225806451617 0.825199543899658 0.6387096774193548 0.0330672748004561
0 0.3685483870967742 0.754047890535918 0.6419354838709678 0.08688711516533643
0 0.3682258064516129 0.6811858608893957 0.6390322580645161 0.027137970353477713
