0 0.2508551881413911 0.3385483870967742 0.45381984036488027 0.07870967741935486
0 0.25017103762827825 0.4711290322580646 0.4524515393386545 0.0761290322580645
0 0.24971493728620298 0.6195161290322581 0.45267958950969217 0.1738709677419355
0 0.25114025085518815 0.7769354838709678 0.45438996579247437 0.10161290322580654
0 0.25017103762827825 0.9090322580645162 0.4524515393386545 0.06580645161290315
0 0.750285062713797 0.9321774193548388 0.4549600912200684 0.07338709677419354
0 0.7496579247434436 0.700967741935484 0.4543899657924744 0.06580645161290324
0 0.7494868871151653 0.4053225806451613 0.45404789053591793 0.17258064516129032
0 0.7498289623717218 0.5653225806451613 0.4551881413911061 0.10806451612903226
0 0.7482896237172179 0.25467741935483873 0.4555302166476625 0.08838709677419357
0 0.7494868871151653 0.11241935483870966 0.45404789053591793 0.09
