0 0.3861290322580645 0.2962371721778791 0.0896774193548387 0.11995438996579247
0 0.4525 0.2956670467502851 0.042096774193548424 0.11744583808437857
0 0.6361290322580646 0.2971493728620297 0.3251612903225807 0.11425313568985176
0 0.8443548387096774 0.32468643101482325 0.08870967741935484 0.16248574686431017
0 0.9345967741935485 0.33033067274800465 0.08935483870967738 0.1571265678449259
0 0.9345967741935485 0.4970353477765108 0.0901612903225806 0.15758266818700115
0 0.8445564516129033 0.4951539338654504 0.08346774193548387 0.16590649942987457
0 0.3867741935483871 0.4643671607753706 0.08774193548387098 0.11801596351197263
0 0.4525 0.4646522234891676 0.04532258064516133 0.12086659064994298
0 0.6385483870967742 0.46550741163055875 0.32677419354838716 0.11573546180159636
0 0.9339112903225806 0.8327251995438997 0.0875 0.15393386545039908
0 0.8454032258064516 0.8320410490307867 0.08951612903225807 0.15256556442417327
0 0.9332258064516128 0.6635119726339794 0.08774193548387094 0.15712656784492585
0 0.8456451612903225 0.6606613454960091 0.08774193548387094 0.15826681870011397
0 0.38717741935483874 0.6325541619156214 0.0880645161290323 0.11915621436716078
0 0.38625000000000004 0.8007411630558723 0.08991935483870972 0.11801596351197263
0 0.4527419354838709 0.6315849486887115 0.041290322580645196 0.1210946408209806
0 0.45278225806451616 0.8003420752565564 0.04233870967741935 0.11835803876852903
0 0.6368951612903225 0.633751425313569 0.3270161290322581 0.11767388825541618
0 0.6370967741935484 0.8015963511972635 0.32661290322580644 0.10946408209806158
