0 0.12693548387096776 0.5229190421892816 0.1338709677419355 0.01961231470923602
0 0.3103225806451613 0.5224629418472064 0.12870967741935485 0.021436716077537072
0 0.4991935483870968 0.5230900798175598 0.12741935483870967 0.019954389965792477
0 0.6882258064516129 0.5224629418472064 0.12741935483870967 0.020524515393386546
0 0.8695161290322581 0.5220068415051311 0.1325806451612904 0.020524515393386546
0 0.6816129032258065 0.6477765108323832 0.4012903225806452 0.025313568985176792
0 0.6817741935483872 0.6933295324971493 0.40161290322580656 0.01653363740022805
0 0.2838709677419355 0.647890535917902 0.36612903225806454 0.02508551881413911
0 0.2838709677419355 0.6929304446978336 0.36451612903225805 0.01710376282782212
0 0.28435483870967737 0.7503990877993159 0.3648387096774193 0.06590649942987452
0 0.28346774193548385 0.8120866590649943 0.36532258064516127 0.04104903078677309
0 0.2842741935483871 0.8655644241733181 0.36532258064516127 0.01619156214367166
0 0.6820967741935483 0.7500570125427595 0.4003225806451613 0.06522234891676174
0 0.6817741935483872 0.8120866590649943 0.39967741935483875 0.04104903078677309
0 0.6811290322580644 0.8655644241733181 0.4003225806451613 0.0157354618015963
