0 0.3090322580645161 0.7490877993158496 0.06903225806451614 0.4486887115165337
0 0.4216129032258064 0.749429874572406 0.06903225806451614 0.44640820980615736
0 0.555 0.7496009122006841 0.15838709677419352 0.4478905359179019
0 0.6867741935483871 0.749429874572406 0.06774193548387097 0.44640820980615736
0 0.8084677419354839 0.7518814139110604 0.055645161290322584 0.44332953249714935
0 0.1095967741935484 0.250285062713797 0.08951612903225807 0.45039908779931587
0 0.24419354838709678 0.24960091220068417 0.08258064516129032 0.45017103762827826
0 0.3937096774193548 0.24920182440136832 0.16806451612903223 0.44640820980615736
0 0.552258064516129 0.24868871151653363 0.10290322580645163 0.4472063854047891
0 0.6819354838709677 0.24982896237172178 0.06322580645161288 0.4460661345496009
0 0.9248387096774193 0.24942987457240592 0.06580645161290315 0.44868871151653367
