0 0.4151612903225806 0.27594070695553025 0.6374193548387097 0.10946408209806158
0 0.41387096774193555 0.3998859749144812 0.6367741935483872 0.12428734321550741
0 0.8558064516129033 0.3865450399087799 0.2012903225806452 0.11060433295324971
0 0.855 0.48928164196123153 0.19967741935483874 0.038996579247434424
0 0.8547580645161291 0.5405929304446979 0.19596774193548397 0.038996579247434424
0 0.8539516129032259 0.6204104903078678 0.19758064516129042 0.06294184720638546
0 0.854516129032258 0.865678449258837 0.19870967741935483 0.06157354618015964
0 0.4154032258064516 0.611630558722919 0.6379032258064516 0.035575826681870065
0 0.41500000000000004 0.689623717217788 0.6403225806451613 0.051539338654504045
0 0.8537096774193548 0.3019384264538198 0.20032258064516129 0.021892816419612302
