0 0.687258064516129 0.21653363740022807 0.5293548387096775 0.02759407069555301
0 0.6851612903225806 0.2669327251995439 0.5277419354838709 0.02759407069555301
0 0.6869354838709677 0.34595210946408206 0.5351612903225805 0.04538198403648804
0 0.687741935483871 0.43158494868871156 0.5309677419354839 0.028506271379703536
0 0.685 0.4968643101482326 0.5287096774193548 0.033637400228050174
0 0.6887096774193548 0.5698403648802737 0.532258064516129 0.046180159635119726
0 0.6883064516129033 0.6492588369441277 0.5362903225806451 0.044241733181299835
0 0.6833870967741936 0.7093500570125428 0.522258064516129 0.017331812998859802
0 0.6906451612903226 0.7672748004561003 0.5322580645161291 0.04538198403648798
0 0.6863709677419354 0.8421892816419613 0.5314516129032257 0.04355758266818705
0 0.6871774193548387 0.9179589509692132 0.5330645161290322 0.04846066134549601
