0 0.35870967741935483 0.11402508551881414 0.6180645161290322 0.027366020524515394
0 0.3573387096774194 0.17400228050171038 0.6185483870967742 0.054960091220068404
0 0.3582258064516129 0.22702394526795897 0.6190322580645161 0.038996579247434424
0 0.4114516129032258 0.47810718358038773 0.7196774193548386 0.012542759407069556
0 0.3582258064516129 0.5295324971493729 0.6180645161290322 0.01915621436716079
0 0.357258064516129 0.5741163055872293 0.617741935483871 0.019384264538198404
0 0.357741935483871 0.6256556442417333 0.6193548387096774 0.06499429874572406
0 0.3571774193548387 0.6854047890535918 0.6201612903225806 0.03854047890535913
0 0.357741935483871 0.7231470923603193 0.6193548387096774 0.019156214367160723
0 0.39798387096774196 0.7612314709236032 0.6991935483870968 0.017331812998859802
0 0.39741935483870966 0.7982326111744583 0.6987096774193549 0.018814139110604332
0 0.39822580645161293 0.848460661345496 0.6996774193548387 0.06522234891676174
0 0.39806451612903226 0.9088939566704676 0.7 0.0367160775370582
0 0.3984677419354839 0.9468643101482326 0.7008064516129032 0.019156214367160723
