0 0.13366935483870968 0.5076396807297605 0.19798387096774195 0.06841505131128849
0 0.13306451612903225 0.569327251995439 0.19919354838709677 0.04218928164196117
0 0.1338709677419355 0.6306727480045611 0.2 0.06750285062713803
0 0.13249999999999998 0.6930444697833524 0.20016129032258065 0.042417331812998914
0 0.13451612903225804 0.8156214367160776 0.1961290322580645 0.049030786773090085
0 0.13290322580645159 0.8694982896237172 0.1993548387096774 0.04732041049030787
0 0.3555645161290322 0.28705815279361463 0.19822580645161286 0.03591790193842646
0 0.3556451612903226 0.3330672748004561 0.19919354838709677 0.04697833523375142
0 0.3553225806451613 0.4093500570125428 0.19935483870967746 0.08893956670467504
0 0.7474999999999999 0.35222348916761687 0.4353225806451613 0.3240592930444698
0 0.680725806451613 0.9395667046750286 0.2816129032258065 0.0330672748004561
