0 0.5820967741935483 0.2360889395667047 0.6809677419354838 0.027936145952109463
0 0.5824193548387098 0.2748004561003421 0.6803225806451613 0.027366020524515394
0 0.5816129032258065 0.327309007981756 0.6819354838709678 0.027936145952109463
0 0.5820967741935483 0.38187001140250854 0.6809677419354838 0.056784492588369456
0 0.5824193548387098 0.4361459521094641 0.6803225806451613 0.028506271379703536
0 0.580967741935484 0.5094070695553021 0.6806451612903227 0.027936145952109463
0 0.5825806451612904 0.5503990877993159 0.6819354838709678 0.029418472063854062
0 0.581532258064516 0.6598631698973774 0.6798387096774192 0.10467502850627133
0 0.580967741935484 0.7356898517673888 0.6806451612903227 0.0351197263397947
0 0.5810483870967742 0.785005701254276 0.6830645161290323 0.023375142531356898
0 0.5096774193548387 0.9258836944127709 0.8274193548387097 0.05131128848346636
