0 0.3270161290322581 0.10353477765108325 0.5556451612903226 0.024173318129988602
0 0.32741935483870965 0.15929304446978335 0.5564516129032258 0.049942987457240594
0 0.32620967741935486 0.2066134549600912 0.5556451612903226 0.036488027366020526
0 0.375 0.4334093500570126 0.65 0.0111744583808438
0 0.32725806451612904 0.4778791334093501 0.557741935483871 0.015735461801596365
0 0.3275806451612903 0.5198403648802736 0.557741935483871 0.015735461801596365
0 0.32653225806451613 0.5662485746864311 0.5556451612903226 0.05952109464082103
0 0.3267741935483871 0.6209236031927023 0.5561290322580645 0.033637400228050174
0 0.3269354838709677 0.6550171037628278 0.5564516129032258 0.01653363740022805
0 0.3625 0.689623717217788 0.6298387096774194 0.017331812998859802
0 0.36354838709677423 0.7236031927023946 0.6303225806451613 0.017331812998859802
0 0.3629032258064516 0.7689851767388826 0.6290322580645161 0.058380843785632894
0 0.36387096774193545 0.8241733181299887 0.6293548387096775 0.03329532497149378
0 0.36354838709677423 0.8573546180159635 0.6287096774193549 0.01619156214367166
