0 0.49854838709677424 0.16334093500570127 0.5567741935483871 0.0838084378563284
0 0.497741935483871 0.22485746864310147 0.5583870967741935 0.036488027366020526
0 0.4983064516129032 0.2588369441277081 0.5604838709677419 0.009122006841505131
0 0.4975806451612903 0.3516533637400228 0.5596774193548387 0.030558722919042203
0 0.4980645161290323 0.4408209806157355 0.5612903225806452 0.025313568985176726
0 0.49838709677419357 0.5422462941847207 0.5596774193548387 0.024515393386545042
0 0.49879032258064515 0.6294754846066134 0.5588709677419355 0.02565564424173318
0 0.49879032258064515 0.7031927023945267 0.5588709677419355 0.03169897377423028
0 0.49798387096774194 0.8025085518814139 0.5588709677419355 0.029646522234891677
0 0.44290322580645164 0.890763968072976 0.4503225806451613 0.05792474344355753
