0 0.1711290322580645 0.0893956670467503 0.2770967741935484 0.027137970353477762
0 0.1720967741935484 0.1474344355758267 0.2770967741935484 0.09007981755986319
0 0.17266129032258065 0.24732041049030787 0.2846774193548387 0.08529076396807299
0 0.1745161290322581 0.306442417331813 0.28838709677419355 0.03249714937286203
0 0.17169354838709674 0.33956670467502853 0.2814516129032258 0.03192702394526796
0 0.17008064516129032 0.4098631698973774 0.2782258064516129 0.10775370581527936
0 0.17080645161290323 0.5194412770809579 0.2770967741935484 0.1088939566704675
0 0.17137096774193547 0.5909350057012543 0.27661290322580645 0.03477765108323831
0 0.17161290322580647 0.6251425313568986 0.2787096774193549 0.03249714937286203
0 0.17080645161290323 0.6582668187001142 0.2803225806451613 0.03215507411630564
0 0.17024193548387098 0.7102622576966933 0.27661290322580645 0.06864310148232616
0 0.4762096774193548 0.05758266818700114 0.27338709677419354 0.03990877993158495
0 0.4754032258064516 0.12457240592930445 0.27338709677419354 0.09179019384264539
0 0.47580645161290325 0.18962371721778792 0.27419354838709675 0.03534777651083239
0 0.4751612903225807 0.2589509692132269 0.2696774193548387 0.024857468643101496
0 0.4778225806451613 0.31915621436716074 0.27661290322580645 0.08301026225769671
0 0.4748387096774193 0.41624857468643106 0.2706451612903226 0.08266818700114026
0 0.4756451612903225 0.4786773090079817 0.27225806451612905 0.026453819840364868
0 0.47467741935483865 0.5242873432155074 0.2712903225806451 0.02508551881413911
0 0.47306451612903216 0.591448118586089 0.2712903225806451 0.10695553021664768
0 0.47419354838709676 0.6966932725199544 0.27419354838709675 0.10148232611174458
0 0.7775806451612903 0.04766248574686431 0.28096774193548396 0.022805017103762825
0 0.7781451612903226 0.07229190421892817 0.278225806451613 0.02485746864310148
0 0.7770967741935483 0.10376282782212087 0.2761290322580645 0.03420752565564424
0 0.7751612903225806 0.13956670467502852 0.27225806451612905 0.03625997719498291
0 0.7786290322580646 0.2169327251995439 0.275 0.11573546180159636
0 0.777741935483871 0.32485746864310144 0.27548387096774196 0.10011402508551882
0 0.7796774193548387 0.39429874572405926 0.27709677419354833 0.03329532497149372
0 0.7871774193548386 0.5818700114025085 0.2943548387096773 0.33865450399087793
