0 0.43112903225806454 0.10558722919042189 0.7906451612903226 0.0944127708095781
0 0.43112903225806454 0.19122006841505135 0.7906451612903226 0.03397947548460663
0 0.4317741935483871 0.2836374002280502 0.79 0.12827822120866592
0 0.43129032258064515 0.3996579247434436 0.7890322580645162 0.07639680729760548
0 0.4316129032258065 0.4792474344355759 0.7938709677419356 0.0330672748004561
0 0.4917741935483871 0.5527936145952109 0.9141935483870967 0.09714937286202964
0 0.4918548387096775 0.6358038768529077 0.9120967741935484 0.03283922462941842
0 0.4918548387096775 0.7290763968072976 0.9120967741935484 0.12976054732041045
0 0.493225806451613 0.8456100342075257 0.9148387096774194 0.07890535917901943
0 0.493225806451613 0.9246864310148234 0.9148387096774194 0.03135689851767389
