0 0.26322580645161286 0.29327251995438997 0.1 0.12086659064994298
0 0.34145161290322584 0.293557582668187 0.057741935483870986 0.12143671607753706
0 0.5619354838709677 0.29703534777651086 0.3835483870967742 0.11744583808437857
0 0.8038709677419354 0.32468643101482325 0.10129032258064509 0.16590649942987457
0 0.9066129032258065 0.33033067274800465 0.10193548387096782 0.15484606613454963
0 0.2648387096774194 0.4641961231470924 0.10129032258064517 0.11607753705815281
0 0.3404838709677419 0.46402508551881416 0.051935483870967726 0.11801596351197263
0 0.5614516129032259 0.4680159635119726 0.3858064516129032 0.11003420752565565
0 0.8053225806451613 0.4928734321550741 0.09838709677419345 0.16248574686431017
0 0.9045161290322582 0.49794754846066136 0.09548387096774201 0.1516533637400228
0 0.26411290322580644 0.6415051311288484 0.10080645161290322 0.1012542759407069
0 0.26387096774193547 0.8082098061573547 0.10129032258064517 0.10171037628278226
0 0.3412903225806452 0.8102622576966934 0.053548387096774175 0.10171037628278226
0 0.3430645161290322 0.641163055872292 0.0532258064516129 0.10057012542759412
0 0.562741935483871 0.6416191562143673 0.3851612903225807 0.10148232611174458
0 0.5616935483870967 0.8096921322690993 0.38629032258064516 0.10239452679589504
0 0.8064516129032258 0.6663625997719498 0.09838709677419355 0.14732041049030792
0 0.9038709677419354 0.6658494868871152 0.09870967741935491 0.1499429874572406
0 0.9056451612903226 0.8329532497149373 0.1 0.15051311288483465
0 0.8061290322580644 0.8332383124287344 0.09870967741935482 0.15108323831242873
