0 0.17318435754189943 0.6412225705329154 0.2949720670391061 0.0598746081504702
0 0.17329608938547483 0.9032915360501567 0.2969832402234637 0.023510971786833854
0 0.17195530726256983 0.7706896551724138 0.2925139664804469 0.06865203761755487
0 0.5037988826815641 0.17695924764890283 0.2913966480446927 0.04106583072100314
0 0.503463687150838 0.2225705329153605 0.2940782122905028 0.050156739811912224
0 0.5052513966480447 0.36865203761755483 0.286927374301676 0.0877742946708464
0 0.5016201117318436 0.7026645768025078 0.2921787709497207 0.029780564263322883
0 0.5042458100558658 0.7893416927899687 0.2884916201117318 0.02852664576802515
0 0.49541899441340775 0.8824451410658307 0.2746368715083798 0.03761755485893417
0 0.8290502793296088 0.18887147335423196 0.2770949720670391 0.050156739811912224
0 0.8312849162011172 0.2556426332288401 0.28156424581005585 0.021630094043887164
0 0.8304469273743016 0.37821316614420064 0.27988826815642454 0.048589341692789965
0 0.8286033519553072 0.668103448275862 0.2779888268156424 0.0713166144200627
0 0.8272625698324021 0.8108150470219435 0.28245810055865916 0.073667711598746
