0 0.24967741935483867 0.18564516129032257 0.4309677419354839 0.1664516129032258
0 0.24983870967741936 0.3717741935483871 0.4303225806451613 0.18387096774193548
0 0.24935483870967742 0.5680645161290323 0.4293548387096774 0.19161290322580646
0 0.24983870967741936 0.7409677419354839 0.4293548387096774 0.13419354838709677
0 0.25 0.894032258064516 0.4306451612903226 0.1564516129032257
0 0.7501612903225807 0.1674193548387097 0.43096774193548393 0.1696774193548387
0 0.75 0.3532258064516129 0.4290322580645161 0.18548387096774194
0 0.7500806451612902 0.5512096774193549 0.4298387096774193 0.19274193548387097
0 0.7500806451612902 0.7224193548387097 0.42661290322580636 0.13193548387096776
0 0.7506451612903225 0.877258064516129 0.42774193548387096 0.15290322580645155
