0 0.16830102622576967 0.36516129032258066 0.25906499429874574 0.05129032258064518
0 0.1676168757126568 0.4770967741935483 0.26567844925883694 0.05032258064516127
0 0.16681870011402508 0.6068548387096774 0.26248574686431014 0.04596774193548387
0 0.16807297605473207 0.7310483870967742 0.2620296465222349 0.11370967741935484
0 0.169327251995439 0.8959677419354839 0.2645381984036488 0.12096774193548387
0 0.5072976054732041 0.4046774193548387 0.26202964652223487 0.12870967741935485
0 0.504903078677309 0.6681451612903225 0.2622576966932725 0.09112903225806451
0 0.5043329532497149 0.8583870967741937 0.258836944127708 0.17548387096774196
0 0.8432155074116305 0.38645161290322577 0.2611174458380844 0.05290322580645163
0 0.842987457240593 0.4668548387096774 0.2624857468643102 0.04596774193548387
0 0.8420182440136831 0.5669354838709677 0.2628278221208666 0.0532258064516129
