0 0.415483870967742 0.2757126567844926 0.6432258064516129 0.11402508551881414
0 0.4137096774193548 0.39954389965792475 0.646774193548387 0.12748004561003423
0 0.855241935483871 0.3879703534777651 0.20241935483870968 0.11459521094640822
0 0.8570967741935483 0.4894526795895097 0.2019354838709677 0.042759407069555305
0 0.41467741935483876 0.5413340935005702 0.6390322580645161 0.09293044469783353
0 0.855241935483871 0.5410490307867731 0.20241935483870968 0.04561003420752566
0 0.41500000000000004 0.6329532497149374 0.642258064516129 0.03625997719498285
0 0.8547580645161291 0.6215507411630559 0.19919354838709685 0.0640820980615736
0 0.4151612903225806 0.711060433295325 0.6438709677419354 0.05267958950969218
0 0.8561290322580645 0.8610034207525656 0.2019354838709677 0.0777651083238313
