0 0.49521193092621674 0.1881212121212121 0.7103610675039248 0.048484848484848485
0 0.49458398744113025 0.25745454545454544 0.7103610675039246 0.038545454545454556
0 0.4956043956043956 0.3512121212121212 0.7124018838304553 0.09878787878787879
0 0.49364207221350087 0.4383030303030303 0.7103610675039248 0.048727272727272716
0 0.4937990580847723 0.5069090909090909 0.7119309262166404 0.03636363636363636
0 0.49576138147566723 0.5900606060606061 0.7114599686028258 0.05090909090909091
0 0.49497645211930924 0.6583030303030303 0.7111459968602826 0.03854545454545449
0 0.49560439560439573 0.7526060606060606 0.7111459968602827 0.0991515151515151
0 0.4948194662480378 0.8380606060606061 0.7095761381475668 0.048242424242424184
0 0.49560439560439573 0.9081818181818182 0.7111459968602827 0.03696969696969697
