0 0.27209677419354844 0.16629032258064516 0.3641935483870968 0.15774193548387097
0 0.27080645161290323 0.3366129032258065 0.3641935483870968 0.1674193548387097
0 0.2701612903225806 0.527258064516129 0.3629032258064516 0.19645161290322583
0 0.27145161290322584 0.6996774193548387 0.3629032258064516 0.12903225806451613
0 0.2719354838709677 0.8529032258064515 0.3616129032258064 0.14516129032258054
0 0.7721774193548387 0.16516129032258065 0.36370967741935484 0.157741935483871
0 0.7729032258064517 0.33499999999999996 0.36258064516129035 0.17258064516129032
0 0.772258064516129 0.5259677419354839 0.3612903225806451 0.19870967741935483
0 0.7721774193548387 0.6983870967741935 0.3588709677419355 0.12903225806451613
0 0.7716129032258064 0.8516935483870967 0.3577419354838709 0.14274193548387087
