0 0.5006451612903225 0.14469783352337515 0.8664516129032259 0.06590649942987459
0 0.5012096774193548 0.24469783352337515 0.8701612903225806 0.07320410490307867
0 0.49935483870967745 0.3805017103762828 0.8664516129032259 0.1949828962371722
0 0.5024193548387097 0.5137970353477765 0.867741935483871 0.06476624857468645
0 0.24338709677419357 0.7667046750285063 0.08193548387096776 0.08529076396807293
0 0.45838709677419354 0.7442417331812998 0.07096774193548387 0.03854047890535913
0 0.6729838709677419 0.7680159635119727 0.06854838709677419 0.07924743443557583
0 0.8959677419354839 0.7671037628278221 0.07096774193548387 0.08266818700114026
0 0.16604838709677416 0.8280501710376283 0.20241935483870965 0.020524515393386546
0 0.395241935483871 0.8344355758266819 0.1975806451612903 0.026453819840364934
0 0.6230645161290322 0.8332383124287344 0.18548387096774194 0.02565564424173318
0 0.8453225806451613 0.8340364880273661 0.20354838709677428 0.02565564424173318
