0 0.49741935483870964 0.1685290763968073 0.8383870967741934 0.06157354618015965
0 0.4979032258064515 0.23124287343215505 0.8383870967741934 0.03557582668187
0 0.49741935483870964 0.30969213226909925 0.8383870967741934 0.023717217787913355
0 0.49750000000000005 0.3537628278221209 0.8362903225806452 0.03477765108323831
0 0.4967741935483871 0.4132269099201824 0.8370967741935483 0.0111744583808438
0 0.49693548387096775 0.5010262257696693 0.8374193548387098 0.06020524515393388
0 0.4975806451612903 0.5688711516533638 0.8403225806451613 0.0351197263397947
0 0.49693548387096775 0.647890535917902 0.8416129032258064 0.02280501710376283
0 0.49693548387096775 0.6847206385404789 0.8390322580645162 0.02508551881413911
0 0.49629032258064526 0.7205245153933866 0.8403225806451613 0.02371721778791329
0 0.4971774193548387 0.7823261117445839 0.839516129032258 0.02303306727480051
0 0.49693548387096775 0.8181870011402508 0.8390322580645162 0.024515393386545042
0 0.49556451612903224 0.866932725199544 0.8379032258064516 0.02303306727480051
0 0.4966129032258064 0.9022805017103762 0.8383870967741934 0.02394526795895097
