0 0.32596774193548383 0.18095781071835804 0.42870967741935484 0.09464082098061573
0 0.7584677419354838 0.18107183580387687 0.3588709677419355 0.0957810718358039
0 0.3251612903225806 0.33420752565564427 0.4270967741935484 0.11835803876852909
0 0.7596774193548387 0.33546180159635125 0.3596774193548387 0.11949828962371724
0 0.32532258064516134 0.4534777651083239 0.42870967741935484 0.08871151653363742
0 0.7592741935483871 0.4535917901938426 0.357258064516129 0.08802736602052451
0 0.32532258064516134 0.5287913340935005 0.42870967741935484 0.03249714937286203
0 0.7576612903225807 0.5290763968072976 0.3556451612903226 0.03078677309007982
0 0.32403225806451613 0.5866590649942988 0.4293548387096774 0.03192702394526796
0 0.7588709677419355 0.5869441277080958 0.3580645161290323 0.03249714937286203
0 0.3295161290322581 0.6714937286202964 0.4467741935483871 0.054960091220068466
