0 0.5182258064516129 0.19452679589509692 0.6261290322580645 0.03443557582668186
0 0.5783870967741935 0.23044469783352337 0.507741935483871 0.023033067274800444
0 0.5179032258064517 0.2628278221208666 0.6287096774193549 0.03420752565564424
0 0.5779032258064516 0.3069555302166477 0.5112903225806451 0.043329532497149374
0 0.5777419354838711 0.34606613454960095 0.507741935483871 0.02280501710376283
0 0.5187096774193549 0.387115165336374 0.6293548387096775 0.03990877993158495
0 0.5788709677419355 0.4241163055872292 0.51 0.024515393386545042
0 0.5775806451612904 0.4619156214367161 0.5093548387096775 0.025313568985176726
0 0.5766935483870967 0.49988597491448117 0.5120967741935483 0.022576966932725213
0 0.577258064516129 0.5297605473204106 0.5132258064516129 0.025313568985176726
0 0.5777419354838711 0.5875142531356898 0.5096774193548388 0.023375142531356898
0 0.5774193548387097 0.6166476624857469 0.5080645161290323 0.02280501710376283
0 0.5780645161290322 0.6943557582668187 0.5116129032258064 0.07924743443557583
0 0.5775806451612904 0.7510832383124288 0.5093548387096775 0.028506271379703536
0 0.5767741935483871 0.8236031927023945 0.513225806451613 0.02394526795895097
0 0.5766129032258065 0.8541619156214367 0.5112903225806451 0.02417331812998865
0 0.7498387096774193 0.9309007981755987 0.16806451612903223 0.021892816419612368
0 0.7493548387096775 0.9073546180159635 0.16806451612903234 0.013112884834663626
