0 0.4112903225806452 0.18255416191562143 0.7016129032258065 0.04310148232611176
0 0.40846774193548385 0.25986316989737746 0.6959677419354838 0.041961231470923614
0 0.2710483870967742 0.36043329532497154 0.4266129032258065 0.04310148232611176
0 0.7164516129032259 0.3619156214367161 0.38064516129032266 0.041961231470923614
0 0.2726612903225807 0.4611174458380844 0.4266129032258065 0.041961231470923614
0 0.7172580645161291 0.46174458380843786 0.3758064516129033 0.04503990877993159
0 0.2718548387096774 0.5485746864310148 0.4282258064516129 0.040820980615735476
0 0.7156451612903226 0.5501710376282782 0.37903225806451624 0.03990877993158495
0 0.4056451612903226 0.6499429874572407 0.6983870967741935 0.11858608893956671
0 0.2754032258064516 0.8271379703534778 0.42983870967741933 0.15644241733181305
