0 0.6745949926362297 0.2390491452991453 0.49852724594992626 0.06784188034188035
0 0.6758468335787923 0.3096153846153847 0.5039764359351988 0.06623931623931624
0 0.6687039764359352 0.3740384615384616 0.48674521354933714 0.04893162393162395
0 0.6675994108983799 0.4245726495726496 0.48335787923416784 0.04615384615384615
0 0.6708394698085419 0.4978632478632479 0.49779086892488955 0.06623931623931624
0 0.6744477172312224 0.5776709401709401 0.4941089837997055 0.042521367521367474
0 0.6715022091310752 0.6396367521367521 0.488217967599411 0.046794871794871754
0 0.669440353460972 0.7066239316239317 0.4852724594992635 0.06175213675213671
0 0.6726067746686304 0.7807692307692308 0.4916053019145803 0.05982905982905984
0 0.6734904270986745 0.8412927350427352 0.4921944035346097 0.04540598290598291
0 0.6698085419734904 0.8884615384615385 0.48895434462444765 0.04188034188034193
0 0.6681885125184095 0.9298076923076923 0.4874815905743742 0.030982905982905987
