0 0.31629032258064516 0.2572405929304447 0.39645161290322584 0.14914481185860892
0 0.7233870967741935 0.25689851767388827 0.3951612903225806 0.14937286202964653
0 0.2859677419354839 0.3586659064994299 0.3338709677419355 0.03135689851767389
0 0.6937096774193549 0.35895096921322694 0.33419354838709686 0.03192702394526796
0 0.2837096774193548 0.14697833523375142 0.3390322580645161 0.05564424173318131
0 0.6938709677419356 0.14549600912200683 0.34322580645161294 0.05838084378563283
0 0.2861290322580645 0.47651083238312425 0.33741935483870966 0.047662485746864325
0 0.3160483870967742 0.6046750285062713 0.3959677419354839 0.19407069555302167
0 0.2862903225806452 0.7513112884834664 0.33548387096774196 0.07388825541619151
0 0.28483870967741937 0.8570125427594071 0.3367741935483871 0.03968072976054727
