0 0.28631698973774233 0.15524193548387097 0.5334093500570126 0.09596774193548387
0 0.2849486887115166 0.2761290322580645 0.5315849486887115 0.06112903225806453
0 0.28437856328392247 0.38463709677419355 0.5265678449258837 0.04153225806451613
0 0.28529076396807296 0.545241935483871 0.5290763968072976 0.1501612903225807
0 0.26328392246294186 0.7306451612903225 0.47457240592930444 0.13306451612903225
0 0.7262257696693273 0.09133064516129032 0.3491448118586089 0.07782258064516129
0 0.7296465222348917 0.19935483870967743 0.3491448118586089 0.07645161290322582
0 0.7310148232611174 0.3367741935483871 0.3559863169897378 0.09580645161290323
0 0.7326681870011402 0.44459677419354837 0.35974914481185855 0.10080645161290318
0 0.7299885974914482 0.5551612903225807 0.3557582668187002 0.10741935483870971
