0 0.2482896237172178 0.27645161290322584 0.4304446978335234 0.07387096774193551
0 0.24800456100342075 0.44798387096774195 0.43101482326111745 0.05403225806451613
0 0.24800456100342075 0.5606451612903226 0.4287343215507412 0.03580645161290321
0 0.24942987457240592 0.6834677419354839 0.43158494868871156 0.1443548387096774
0 0.24800456100342075 0.8066129032258065 0.4287343215507412 0.0706451612903226
0 0.3295324971493729 0.8929032258064517 0.27023945267958954 0.040645161290322654
0 0.715963511972634 0.27564516129032257 0.4798175598631699 0.07225806451612905
0 0.7156214367160776 0.43677419354838704 0.47799315849486895 0.07290322580645159
0 0.715963511972634 0.5694354838709678 0.4798175598631699 0.055645161290322584
0 0.7163625997719498 0.6838709677419355 0.47833523375142534 0.1403225806451613
0 0.7161915621436716 0.8067741935483872 0.47799315849486895 0.07096774193548397
0 0.8032497149372863 0.8933870967741935 0.3038768529076397 0.03677419354838702
