0 0.35524193548387095 0.09777651083238313 0.6233870967741936 0.053021664766248575
0 0.3575806451612903 0.16163055872291904 0.6209677419354839 0.06898517673888256
0 0.35766129032258065 0.21812998859749147 0.6233870967741936 0.04218928164196123
0 0.4503225806451613 0.44059293044469783 0.7419354838709677 0.017331812998859737
0 0.3564516129032258 0.5084378563283922 0.6225806451612903 0.018472063854047878
0 0.35435483870967743 0.5920182440136831 0.6222580645161291 0.09441277080957812
0 0.3579032258064516 0.6673318129988598 0.6196774193548387 0.03819840364880274
0 0.3571774193548387 0.7041619156214367 0.6233870967741936 0.019954389965792477
0 0.3964516129032258 0.7369441277080959 0.7051612903225807 0.029874572405929358
0 0.3976612903225807 0.817217787913341 0.7024193548387097 0.09692132269099202
0 0.3975806451612903 0.8923603192702395 0.7032258064516129 0.04127708095781077
0 0.39661290322580645 0.9303876852907641 0.7035483870967741 0.019954389965792477
