0 0.4598387096774194 0.7251425313568985 0.22870967741935486 0.0815279361459521
0 0.45935483870967736 0.626624857468643 0.22774193548387095 0.0815279361459521
0 0.4600806451612903 0.5084378563283922 0.2282258064516129 0.12291904218928165
0 0.28500000000000003 0.7254275940706957 0.0803225806451613 0.08209806157354618
0 0.2861290322580645 0.6271379703534777 0.0793548387096774 0.08095781071835804
0 0.2785483870967742 0.5088939566704674 0.09322580645161292 0.1233751425313569
0 0.2788709677419355 0.369327251995439 0.09483870967741938 0.12291904218928165
0 0.4598387096774194 0.36909920182440137 0.22870967741935486 0.12200684150513114
0 0.2788709677419355 0.23038768529076398 0.09483870967741938 0.12143671607753706
0 0.46056451612903226 0.23033067274800456 0.2282258064516129 0.12200684150513114
0 0.2861290322580645 0.1112884834663626 0.0803225806451613 0.0823261117445838
0 0.4598387096774194 0.1112884834663626 0.22870967741935486 0.08118586088939565
