0 0.48983870967741944 0.15689851767388827 0.917741935483871 0.08004561003420751
0 0.4909677419354838 0.2418472063854048 0.9180645161290323 0.05906499429874574
0 0.4893548387096774 0.33643101482326115 0.919032258064516 0.02565564424173318
0 0.4912903225806452 0.3919042189281642 0.9212903225806452 0.058152793614595216
0 0.48967741935483877 0.44064994298745724 0.9206451612903225 0.011972633979475485
0 0.48999999999999994 0.5358038768529076 0.9225806451612903 0.06180159635119725
0 0.4912903225806452 0.6007981755986317 0.9212903225806452 0.03625997719498285
0 0.490483870967742 0.6721778791334093 0.9196774193548388 0.02508551881413911
0 0.4899193548387097 0.7091220068415052 0.9201612903225806 0.025997719498289572
0 0.4899193548387097 0.7472063854047891 0.9201612903225806 0.025313568985176792
0 0.4899193548387097 0.8120866590649942 0.9201612903225806 0.025997719498289572
0 0.49145161290322587 0.8501710376282783 0.9209677419354839 0.025313568985176792
0 0.490241935483871 0.8997719498289625 0.9217741935483871 0.02417331812998865
0 0.48951612903225805 0.9372862029646523 0.9193548387096774 0.02394526795895097
