0 0.4755986316989738 0.1743548387096774 0.5201824401368301 0.06612903225806452
0 0.47690992018244016 0.26875 0.515963511972634 0.06491935483870968
0 0.47616875712656787 0.34766129032258064 0.5201824401368301 0.0385483870967742
0 0.4769669327251995 0.4140322580645161 0.5188141391106043 0.037741935483870934
0 0.4765678449258838 0.486491935483871 0.5193842645381985 0.0375
0 0.475769669327252 0.5475806451612903 0.5193842645381984 0.02903225806451613
0 0.475484606613455 0.6040725806451612 0.5199543899657925 0.027822580645161292
0 0.47651083238312425 0.6508467741935483 0.5197263397947548 0.02943548387096774
0 0.4771949828962372 0.7416129032258064 0.5165336374002281 0.04741935483870964
0 0.47690992018244016 0.8490322580645163 0.5171037628278221 0.047741935483871005
0 0.47725199543899655 0.8921774193548389 0.5193842645381983 0.022741935483871004
