0 0.552016129032258 0.2819840364880274 0.14919354838709678 0.05359179019384265
0 0.5516935483870968 0.34629418472063855 0.15241935483870966 0.05131128848346636
0 0.5517741935483871 0.39885974914481187 0.15193548387096772 0.029646522234891677
0 0.5514516129032258 0.43728620296465226 0.15193548387096772 0.02280501710376283
0 0.5509677419354839 0.46875712656784496 0.15290322580645163 0.017331812998859737
0 0.5554838709677419 0.5529076396807298 0.14161290322580647 0.06704675028506267
0 0.5560483870967742 0.6278221208665907 0.14274193548387096 0.05792474344355753
0 0.5549193548387097 0.6839224629418473 0.14274193548387096 0.0310148232611175
0 0.5556451612903226 0.7258836944127709 0.14193548387096774 0.03215507411630564
0 0.5541935483870968 0.7643101482326111 0.14387096774193547 0.02394526795895097
