0 0.35430497925311205 0.2794344473007712 0.2795643153526971 0.05758354755784063
0 0.3550829875518672 0.3491002570694087 0.2802904564315353 0.05758354755784063
0 0.35363070539419084 0.4124678663239074 0.2798755186721992 0.046015424164524435
0 0.35363070539419084 0.4589974293059126 0.2798755186721992 0.042673521850899725
0 0.35363070539419084 0.52853470437018 0.2782157676348548 0.05501285347043703
0 0.35363070539419084 0.6003856041131105 0.2782157676348548 0.05552699228791772
0 0.3548755186721992 0.657969151670951 0.2798755186721992 0.054241645244215916
0 0.35295643153526973 0.7224293059125962 0.2795643153526971 0.07005141388174807
0 0.3546680497925311 0.7962082262210797 0.2802904564315353 0.07005141388174807
0 0.3521265560165975 0.8556555269922879 0.2743775933609959 0.029562982005141385
0 0.3521265560165975 0.8980719794344473 0.2743775933609959 0.02699228791773779
0 0.8403526970954357 0.27499999999999997 0.28029045643153533 0.055912596401028275
0 0.8401452282157676 0.34344473007712084 0.2798755186721991 0.05758354755784063
0 0.8413900414937759 0.41105398457583536 0.27821576763485484 0.05809768637532132
0 0.837344398340249 0.5573264781491002 0.2863070539419087 0.10437017994858609
0 0.8331950207468879 0.6821979434447301 0.28298755186721986 0.13046272493573263
0 0.833817427385892 0.807904884318766 0.2697095435684647 0.07647814910025706
0 0.8294605809128631 0.8923521850899743 0.2688796680497926 0.06491002570694086
