0 0.3874882849109653 0.202375 0.16541705716963448 0.07350000000000001
0 0.6111527647610122 0.202625 0.24723523898781627 0.07399999999999998
0 0.38725398313027176 0.3128125 0.16494845360824742 0.059375000000000004
0 0.6111527647610122 0.312375 0.24723523898781627 0.060249999999999984
0 0.3874882849109653 0.4293125 0.16541705716963448 0.11812500000000001
0 0.6109653233364574 0.4293125 0.24910965323336454 0.11812500000000001
0 0.38753514526710403 0.547125 0.1668228678537957 0.058750000000000004
0 0.6111527647610122 0.5478125 0.24948453608247428 0.061875
0 0.3883786316776007 0.6284375 0.16607310215557639 0.045625
0 0.6109653233364574 0.628125 0.24761012183692602 0.045
