0 0.4350806451612903 0.15210946408209808 0.5362903225806451 0.0766248574686431
0 0.434516129032258 0.2445267958950969 0.5351612903225806 0.08722919042189282
0 0.4367741935483871 0.3374572405929304 0.535483870967742 0.04047890535917902
0 0.4329032258064516 0.4063854047890536 0.5367741935483871 0.03854047890535919
0 0.4348387096774194 0.4824401368301027 0.5325806451612903 0.038996579247434424
0 0.43435483870967745 0.546636259977195 0.5358064516129032 0.02873432155074115
0 0.4333870967741935 0.606157354618016 0.5338709677419354 0.029874572405929358
0 0.4340322580645162 0.6555302166476625 0.5341935483870968 0.030558722919042138
0 0.4346774193548387 0.741733181299886 0.535483870967742 0.04789053591790194
0 0.43266129032258066 0.8545039908779931 0.5314516129032258 0.04697833523375148
0 0.4337096774193548 0.900285062713797 0.5335483870967742 0.024515393386545042
