0 0.22275985663082434 0.07281323877068559 0.4197132616487455 0.01875492513790386
0 0.2234767025089606 0.1264775413711584 0.41899641577060937 0.0764381402679275
0 0.22320788530465951 0.19901497241922775 0.41845878136200715 0.05476753349093775
0 0.22320788530465951 0.243892828999212 0.41845878136200715 0.018124507486209616
0 0.22401433691756273 0.2689519306540583 0.4175627240143369 0.017494089834515357
0 0.2232974910394265 0.3101260835303389 0.41612903225806447 0.05476753349093775
0 0.2232974910394265 0.3535066981875493 0.417921146953405 0.017494089834515357
0 0.2236559139784946 0.3944838455476754 0.421505376344086 0.05531914893617025
0 0.22293906810035843 0.43778565799842395 0.41720430107526885 0.01851851851851852
0 0.2232974910394265 0.4627265563435776 0.417921146953405 0.019542947202521636
0 0.2232974910394265 0.4878644602048858 0.417921146953405 0.018282111899133213
0 0.22293906810035843 0.5123719464144997 0.41720430107526885 0.017336485421591805
0 0.2234767025089606 0.5531914893617021 0.41899641577060937 0.055161544523246654
0 0.22275985663082434 0.5992119779353822 0.4197132616487455 0.02348305752561068
0 0.22293906810035843 0.6515366430260048 0.41720430107526885 0.055161544523246654
0 0.29426523297491036 0.7379432624113476 0.5627240143369175 0.01773049645390071
0 0.2946236559139785 0.7976753349093775 0.5612903225806452 0.01773049645390071
0 0.6942652329749104 0.08108747044917258 0.417921146953405 0.01796690307328605
0 0.6945340501792114 0.13459416863672186 0.41845878136200715 0.07722616233254533
0 0.6946236559139786 0.20646178092986606 0.4197132616487455 0.055161544523246654
0 0.6946236559139786 0.25011820330969264 0.4197132616487455 0.01796690307328606
0 0.6942652329749104 0.2736012608353034 0.417921146953405 0.017336485421591805
0 0.6939964157706093 0.3157998423955871 0.41845878136200715 0.05476753349093775
0 0.6942652329749104 0.3579590228526399 0.417921146953405 0.01773049645390071
0 0.6952508960573477 0.40063041765169427 0.41845878136200715 0.05421591804570525
0 0.692831541218638 0.44302600472813236 0.4136200716845878 0.01796690307328602
0 0.6945340501792114 0.4663514578408196 0.41845878136200715 0.018282111899133213
0 0.6942652329749104 0.4898345153664303 0.417921146953405 0.01796690307328602
0 0.6946236559139786 0.5133175728920409 0.4197132616487455 0.01796690307328602
0 0.6942652329749104 0.55575256107171 0.417921146953405 0.05555555555555556
0 0.6946236559139786 0.6006698187549252 0.4197132616487455 0.024034672970843184
0 0.6960573476702508 0.6516154452324665 0.41720430107526885 0.05579196217494087
