0 0.475491593046452 0.17428974410638726 0.5200911940723854 0.06608905903687286
0 0.4767740096893702 0.2685875478541205 0.5158164719293247 0.06488011283497884
0 0.4760615559988601 0.347471287527705 0.5200911940723854 0.0384847874269595
0 0.4767740096893702 0.4137618375982269 0.518666286691365 0.03767882329236349
0 0.4764890282131662 0.48619786419504335 0.5192362496437731 0.03747733225871449
0 0.475634083784554 0.5472496473906912 0.5192362496437731 0.02901470884545638
0 0.47534910230835 0.6036671368124119 0.5198062125961813 0.02780576264356236
0 0.47634653747506417 0.6504130566189805 0.5195212311199773 0.029417690912754382
0 0.47705899116557426 0.7411847672778562 0.5163864348817327 0.047350392907515616
0 0.4767740096893702 0.8485794882127745 0.5169563978341408 0.04775337497481362
0 0.47705899116557426 0.8916985694136611 0.5192362496437731 0.022768486802337295
