0 0.35866935483870965 0.1139925904816187 0.6181451612903226 0.027358221715588486
0 0.357258064516129 0.17398119122257055 0.6185483870967742 0.055001424907381025
0 0.3582661290322581 0.22698774579652323 0.6189516129032258 0.039042462239954404
0 0.411491935483871 0.4779139355941864 0.719758064516129 0.012539184952978058
0 0.3582661290322581 0.5293530920490168 0.6181451612903226 0.01909375890567113
0 0.357258064516129 0.5739526930749501 0.617741935483871 0.01937874038187518
0 0.35766129032258065 0.6255343402678826 0.6193548387096774 0.06497577657452266
0 0.357258064516129 0.6852379595326304 0.6201612903225806 0.03847249928754631
0 0.35766129032258065 0.7228555143915646 0.6193548387096774 0.01909375890567113
0 0.39798387096774196 0.7610430322029068 0.6991935483870968 0.017383870048446853
0 0.39737903225806454 0.7979481333713309 0.6987903225806451 0.018808777429467086
0 0.39818548387096775 0.8482473639213451 0.6995967741935484 0.0652607580507267
0 0.39798387096774196 0.9086634368766031 0.7 0.03676261043032203
0 0.39838709677419354 0.9465659732117413 0.7008064516129032 0.01909375890567113
