0 0.552016129032258 0.28184667996580226 0.14919354838709678 0.05357651752636079
0 0.5516129032258065 0.3462524935879168 0.15241935483870966 0.05129666571672842
0 0.5518145161290322 0.3986890852094614 0.15201612903225806 0.02963807352522086
0 0.5514112903225806 0.4371615844970077 0.15201612903225806 0.02279851809632374
0 0.551008064516129 0.46865203761755486 0.1528225806451613 0.017383870048446853
0 0.5554435483870968 0.5527215730977487 0.14153225806451614 0.06697064690795099
0 0.5560483870967742 0.627671701339413 0.14274193548387096 0.05785123966942149
0 0.5548387096774193 0.6838130521516101 0.14274193548387096 0.031062980906241097
0 0.5556451612903226 0.7257053291536051 0.14193548387096774 0.03220290681105728
0 0.5542338709677419 0.7640353377030493 0.1439516129032258 0.023938444001139928
