0 0.17116935483870968 0.08934169278996866 0.2770161290322581 0.02707324023938444
0 0.1719758064516129 0.14733542319749218 0.2770161290322581 0.09005414648047877
0 0.17258064516129032 0.24722143060701054 0.2846774193548387 0.08520946138500998
0 0.1743951612903226 0.30635508691935026 0.28830645161290325 0.03248788828726133
0 0.1717741935483871 0.3394129381590197 0.2814516129032258 0.031917925334853235
0 0.17016129032258065 0.4098033627814192 0.2782258064516129 0.10772299800512967
0 0.17076612903225807 0.5192362496437731 0.2770161290322581 0.10886292390994586
0 0.17137096774193547 0.5907666001709889 0.27661290322580645 0.03476774009689371
0 0.1715725806451613 0.6249643773154745 0.2786290322580645 0.03248788828726133
0 0.17076612903225807 0.6581647192932459 0.28024193548387094 0.03220290681105728
0 0.17016129032258065 0.7100313479623824 0.27661290322580645 0.06868053576517527
0 0.4762096774193548 0.057566258193217444 0.27338709677419354 0.039897406668566546
0 0.4754032258064516 0.12453690510116842 0.27338709677419354 0.09176403533770305
0 0.47580645161290325 0.1895126816756911 0.27419354838709675 0.0353377030493018
0 0.4752016129032258 0.25890567113137647 0.26975806451612905 0.024793388429752067
0 0.4778225806451613 0.31903676261043035 0.27661290322580645 0.08292960957537761
0 0.4747983870967742 0.4160729552579083 0.27056451612903226 0.08264462809917356
0 0.4756048387096774 0.47862638928469653 0.2721774193548387 0.026503277286976348
0 0.4747983870967742 0.524080934739242 0.2713709677419355 0.025078369905956115
0 0.47318548387096776 0.591194072385295 0.2713709677419355 0.10686805357651753
0 0.47419354838709676 0.6964947278426903 0.27419354838709675 0.10145340552864064
0 0.7776209677419355 0.047591906526075804 0.2810483870967742 0.02279851809632374
0 0.7782258064516129 0.07224280421772585 0.2782258064516129 0.024793388429752067
0 0.7772177419354839 0.10373325733827302 0.2762096774193548 0.03419777714448561
0 0.7752016129032258 0.13949843260188088 0.2721774193548387 0.03619264747791394
0 0.7786290322580646 0.21687090339127957 0.275 0.11570247933884298
0 0.7776209677419355 0.3247363921345113 0.2754032258064516 0.10002849814762041
0 0.7796370967741936 0.3942718723282987 0.2770161290322581 0.03334283271587347
0 0.7870967741935484 0.5816471929324594 0.29435483870967744 0.3385579937304075
