0 0.12701612903225806 0.5227985180963237 0.1338709677419355 0.019663721858079224
0 0.31028225806451615 0.5222285551439156 0.12862903225806452 0.021373610715303505
0 0.4991935483870968 0.5229410088344257 0.12741935483870967 0.019948703334283273
0 0.6883064516129033 0.5223710458820177 0.12741935483870967 0.020518666286691366
0 0.8695564516129032 0.5218010829296096 0.13266129032258064 0.020518666286691366
0 0.6816532258064516 0.6476204046736962 0.4012096774193548 0.02536335138216016
0 0.6818548387096774 0.6930749501282417 0.40161290322580645 0.01652892561983471
0 0.2838709677419355 0.6477628954117982 0.36612903225806454 0.025078369905956115
0 0.2838709677419355 0.6927899686520377 0.36451612903225805 0.017098888572242805
0 0.2844758064516129 0.750213736107153 0.3649193548387097 0.06583072100313479
0 0.28346774193548385 0.8119122257053292 0.36532258064516127 0.04103733257338273
0 0.2842741935483871 0.865346252493588 0.36532258064516127 0.016243944143630666
0 0.6820564516129032 0.749928754630949 0.4004032258064516 0.0652607580507267
0 0.6816532258064516 0.8119122257053292 0.3995967741935484 0.04103733257338273
0 0.68125 0.865346252493588 0.4004032258064516 0.015673981191222573
