0 0.35406946604458267 0.27940231362467866 0.279419388284085 0.05751928020565552
0 0.35497667185069987 0.3491323907455013 0.28019699326075687 0.05751928020565552
0 0.3534214618973561 0.41243573264781486 0.2796785899429756 0.04595115681233933
0 0.3534214618973561 0.4590295629820051 0.2796785899429756 0.04273778920308483
0 0.3534214618973561 0.5284383033419022 0.27812337998963194 0.05494858611825192
0 0.3534214618973561 0.600417737789203 0.27812337998963194 0.05559125964010282
0 0.3547174701918092 0.6579370179948586 0.2796785899429756 0.054305912596401024
0 0.3527734577501296 0.7223650385604112 0.279419388284085 0.07005141388174807
0 0.3544582685329186 0.7962724935732647 0.28019699326075687 0.07005141388174807
0 0.35199585277345774 0.855719794344473 0.27423535510627267 0.029562982005141385
0 0.35199585277345774 0.8981362467866323 0.27423535510627267 0.02699228791773779
0 0.839942975635044 0.2750642673521851 0.28019699326075687 0.055912596401028275
0 0.8396837739761535 0.34334832904884316 0.2796785899429756 0.05751928020565552
0 0.8409797822706065 0.4111503856041131 0.27812337998963194 0.058161953727506426
0 0.8369621565578019 0.5573586118251928 0.28615863141524106 0.1044344473007712
0 0.8326853291861068 0.6821979434447301 0.28278900984966304 0.13046272493573263
0 0.8333333333333334 0.8078406169665809 0.26956972524624156 0.07647814910025706
0 0.8290565059616382 0.8923521850899743 0.2687921202695697 0.06491002570694086
