0 0.22279444693237796 0.07275054144516636 0.41961486789072994 0.018704469383736957
0 0.22324227496641288 0.12640283520378026 0.4187192118226601 0.07639299074620988
0 0.22301836094939542 0.198858042921835 0.41827138378862516 0.05473518409135657
0 0.22301836094939542 0.2437487694428037 0.41827138378862516 0.018113801929513684
0 0.2239140170174653 0.26885213624729276 0.4173757277205553 0.01752313447529041
0 0.22324227496641288 0.3099035243158102 0.4160322436184505 0.05473518409135657
0 0.22324227496641288 0.3533175822012207 0.41782355575459024 0.01752313447529041
0 0.2236901030004478 0.39427052569403426 0.4214061800268697 0.05532585154557984
0 0.22279444693237796 0.43748769442803703 0.4169278996865204 0.0185075802323292
0 0.22324227496641288 0.4623941720811183 0.41782355575459024 0.019492025989367986
0 0.22324227496641288 0.4875959834613113 0.41782355575459024 0.01831069108092144
0 0.22279444693237796 0.5121086828115771 0.4169278996865204 0.017326245323882654
0 0.22324227496641288 0.5528647371529829 0.4187192118226601 0.05512896239417208
0 0.22279444693237796 0.5988383540066943 0.41961486789072994 0.023429809017523135
0 0.22279444693237796 0.6511124237054539 0.4169278996865204 0.05512896239417208
0 0.2942230183609494 0.7375467611734593 0.5624720107478728 0.017720023626698167
0 0.2944469323779669 0.7972041740500099 0.5611285266457681 0.017720023626698167
0 0.6939095387371249 0.08101988580429219 0.41782355575459024 0.017916912778105927
0 0.6941334527541424 0.13447529041149833 0.41827138378862516 0.0771805473518409
0 0.6943573667711599 0.2063398306753298 0.41961486789072994 0.05512896239417208
0 0.6943573667711599 0.24995077771214805 0.41961486789072994 0.017916912778105927
0 0.6939095387371249 0.2734790313053751 0.41782355575459024 0.017326245323882654
0 0.6936856247201074 0.31561330970663515 0.41827138378862516 0.05473518409135657
0 0.6939095387371249 0.35774758810789525 0.41782355575459024 0.017720023626698167
0 0.6950291088222122 0.4003740893876747 0.41827138378862516 0.054144516637133294
0 0.6925660546350202 0.4427052569403426 0.41334527541424093 0.017916912778105927
0 0.6941334527541424 0.4661350659578657 0.41827138378862516 0.01831069108092144
0 0.6939095387371249 0.48956487497538886 0.41782355575459024 0.017916912778105927
0 0.6943573667711599 0.512994683992912 0.41961486789072994 0.017916912778105927
0 0.6939095387371249 0.5554242961212837 0.41782355575459024 0.055522740696987594
0 0.6943573667711599 0.6003150226422524 0.41961486789072994 0.024020476471746405
0 0.6957008508732646 0.6512108682811577 0.4169278996865204 0.055719629848395354
