0 0.43125 0.10558563693359932 0.790725806451613 0.09432886862353948
0 0.43125 0.19108007979481334 0.790725806451613 0.033912795668281565
0 0.4316532258064516 0.2835565688230265 0.7899193548387097 0.12824166429182104
0 0.43125 0.39954402963807356 0.7891129032258064 0.07637503562268452
0 0.4316532258064516 0.4790538614990026 0.7939516129032258 0.03305785123966942
0 0.49173387096774196 0.5527215730977487 0.9141129032258064 0.09717868338557994
0 0.49193548387096775 0.6356511826731263 0.9120967741935484 0.03277286976346538
0 0.49193548387096775 0.7288401253918496 0.9120967741935484 0.12966657167284126
0 0.4933467741935484 0.8453975491593047 0.9149193548387097 0.07893986890852095
0 0.4933467741935484 0.9244799088059277 0.9149193548387097 0.031347962382445145
