0 0.45987903225806454 0.724992875463095 0.22862903225806452 0.08150470219435738
0 0.4594758064516129 0.6263892846964948 0.22782258064516128 0.08150470219435738
0 0.4600806451612903 0.5082644628099173 0.2282258064516129 0.12282701624394415
0 0.2848790322580645 0.725277856939299 0.08024193548387097 0.08207466514676547
0 0.28608870967741934 0.6269592476489029 0.07943548387096774 0.08093473924194927
0 0.2784274193548387 0.5088344257623255 0.09314516129032258 0.12339697919635224
0 0.2788306451612903 0.36919350242234256 0.09475806451612903 0.12282701624394415
0 0.45987903225806454 0.36905101168424054 0.22862903225806452 0.12197207181533201
0 0.2788306451612903 0.23026503277286978 0.09475806451612903 0.12140210886292392
0 0.46048387096774196 0.23026503277286978 0.2282258064516129 0.12197207181533201
0 0.28608870967741934 0.11128526645768026 0.08024193548387097 0.0823596466229695
0 0.45987903225806454 0.11128526645768026 0.22862903225806452 0.08121972071815332
