0 0.4153567110036276 0.27565564424173317 0.6428859330914954 0.11402508551881414
0 0.41354292623941963 0.39951539338654507 0.6465135026199114 0.12742303306727482
0 0.8548972188633616 0.3879703534777651 0.20233776702942363 0.11459521094640822
0 0.8567110036275696 0.4894526795895097 0.20193470374848851 0.042759407069555305
0 0.41455058444175735 0.5413340935005702 0.6388553002821443 0.09293044469783353
0 0.8548972188633616 0.5410490307867731 0.20233776702942363 0.04561003420752566
0 0.4149536477226925 0.632981755986317 0.6420798065296252 0.03620296465222349
0 0.8544941555824265 0.6215792474344356 0.19911326078194277 0.06413911060433296
0 0.4149536477226925 0.7110889395667047 0.6436920596533656 0.052736602052451544
0 0.8559048770656994 0.8610319270239453 0.20193470374848851 0.07782212086659065
