0 0.3270161290322581 0.103590766600171 0.5556451612903226 0.024223425477343973
0 0.32741935483870965 0.1591621544599601 0.5564516129032258 0.04987175833570818
0 0.32620967741935486 0.2066115702479339 0.5556451612903226 0.036477628954117984
0 0.375 0.4333143345682531 0.65 0.011114277571957824
0 0.32721774193548386 0.47777144485608436 0.5576612903225806 0.015673981191222573
0 0.3276209677419355 0.5196637218580793 0.5576612903225806 0.015673981191222573
0 0.32661290322580644 0.5661157024793388 0.5556451612903226 0.059561128526645774
0 0.3268145161290323 0.6206896551724138 0.5560483870967742 0.03362781419207752
0 0.3270161290322581 0.6548874323168994 0.5564516129032258 0.01652892561983471
0 0.3625 0.6895126816756911 0.6298387096774194 0.017383870048446853
0 0.36350806451612905 0.7234254773439727 0.630241935483871 0.017383870048446853
0 0.3629032258064516 0.7687375320604161 0.6290322580645161 0.058421202621829586
0 0.3639112903225806 0.8240239384440011 0.6294354838709677 0.03334283271587347
0 0.36350806451612905 0.8570817896836705 0.6286290322580645 0.016243944143630666
