0 0.4350806451612903 0.15203761755485895 0.5362903225806451 0.07666001709888857
0 0.4344758064516129 0.2445141065830721 0.5350806451612903 0.0872043317184383
0 0.4366935483870968 0.33741806782559136 0.535483870967742 0.040467369620974636
0 0.43286290322580645 0.4062410943288686 0.5366935483870968 0.03847249928754631
0 0.4348790322580645 0.48233114847534914 0.5326612903225807 0.039042462239954404
0 0.4344758064516129 0.5464519806212597 0.5358870967741935 0.028783129096608722
0 0.4334677419354839 0.6060131091479054 0.5338709677419354 0.02992305500142491
0 0.4340725806451613 0.6553149045312056 0.5342741935483871 0.030493017953833003
0 0.4346774193548387 0.7415218010829296 0.535483870967742 0.047876888002279856
0 0.43266129032258066 0.8542319749216302 0.5314516129032258 0.047021943573667714
0 0.43366935483870966 0.8999715018523796 0.5334677419354839 0.02450840695354802
