0 0.5004030632809351 0.14466932725199544 0.8661829907295445 0.06584948688711517
0 0.5010076582023378 0.24472633979475486 0.8698105602579606 0.07326111744583809
0 0.4991938734381298 0.3805587229190422 0.8661829907295445 0.1949828962371722
0 0.5022168480451431 0.5138255416191563 0.8673921805723499 0.06470923603192702
0 0.24324869004433697 0.7666761687571266 0.08182184602982669 0.08523375142531357
0 0.4582829504232165 0.7441562143671608 0.0709391374445788 0.03848346636259977
0 0.6727126158806933 0.7679589509692133 0.06852075775896817 0.07924743443557583
0 0.8956066102378074 0.7671037628278221 0.0709391374445788 0.08266818700114026
0 0.16606207174526402 0.8281071835803877 0.20233776702942363 0.020524515393386546
0 0.3950020153164047 0.834521094640821 0.19750100765820236 0.026510832383124287
0 0.6227327690447401 0.8332383124287344 0.18540910923014914 0.02565564424173318
0 0.8450221684804514 0.8340935005701254 0.20354695687222896 0.02565564424173318
