0 0.32983870967741935 0.09062410943288687 0.5685483870967742 0.047876888002279856
0 0.3304435483870968 0.14890282131661442 0.5689516129032258 0.06298090624109433
0 0.33245967741935484 0.20148190367626106 0.569758064516129 0.040467369620974636
0 0.4532258064516129 0.41578797378170423 0.7532258064516129 0.019948703334283273
0 0.3308467741935484 0.4675121117127387 0.5665322580645161 0.018523795953263037
0 0.32963709677419356 0.5458820176688516 0.5689516129032258 0.09033912795668282
0 0.33125 0.6288116272442291 0.5689516129032258 0.06412083214591052
0 0.3683467741935484 0.8582217155884868 0.6423387096774194 0.017953833000854947
0 0.3689516129032258 0.8250213736107154 0.6387096774193548 0.03305785123966942
0 0.3685483870967742 0.7539184952978056 0.6419354838709678 0.08691935024223425
0 0.3683467741935484 0.6809632373895698 0.6391129032258065 0.02707324023938444
