0 0.4401209677419355 0.3422627529210601 0.44798387096774195 0.0786548874323169
0 0.43891129032258064 0.42832715873468225 0.44637096774193546 0.0872043317184383
0 0.43971774193548385 0.5279281846679966 0.44798387096774195 0.06412083214591052
0 0.4401209677419355 0.591479053861499 0.44798387096774195 0.024223425477343973
0 0.43911290322580643 0.6454830436021659 0.4467741935483871 0.035907666001709894
0 0.7473790322580646 0.3605015673981191 0.13911290322580644 0.013679110857794243
0 0.7481854838709677 0.41906526075805073 0.13911290322580644 0.07836990595611286
0 0.7477822580645161 0.4913080649757766 0.1407258064516129 0.02792818466799658
0 0.7481854838709677 0.5279281846679966 0.13991935483870968 0.029353092049016816
0 0.7485887096774193 0.5735252208606441 0.13911290322580644 0.022513536620119692
0 0.7487903225806452 0.5950413223140496 0.13951612903225807 0.019948703334283273
0 0.7485887096774193 0.755913365631234 0.1431451612903226 0.04474209176403534
