0 0.4983877468762596 0.16334093500570127 0.5566303909713826 0.0838084378563284
0 0.4975816203143894 0.2249144811858609 0.5582426440951229 0.036488027366020526
0 0.49818621523579204 0.2588369441277081 0.5602579604997985 0.009122006841505131
0 0.4973800886739218 0.35162485746864314 0.5594518339379283 0.030501710376282784
0 0.49778315195485695 0.44084948688711517 0.5610640870616687 0.025370581527936146
0 0.49818621523579204 0.5421892816419612 0.5594518339379283 0.024515393386545042
0 0.49858927851672713 0.629418472063854 0.5586457073760581 0.02565564424173318
0 0.49858927851672713 0.7031071835803877 0.5586457073760581 0.03164196123147092
0 0.49778315195485695 0.8024515393386545 0.5586457073760581 0.029646522234891677
0 0.44276501410721486 0.890678449258837 0.45022168480451435 0.05786773090079818
