0 0.41512096774193546 0.27586206896551724 0.6375 0.10943288686235395
0 0.41391129032258067 0.3998290111142776 0.6366935483870968 0.12425192362496439
0 0.8558467741935484 0.3864348817326874 0.20120967741935483 0.11057281276717014
0 0.8550403225806451 0.4891707039042463 0.19959677419354838 0.039042462239954404
0 0.8548387096774194 0.5404673696209746 0.19596774193548386 0.039042462239954404
0 0.8540322580645161 0.6202621829581078 0.1975806451612903 0.06298090624109433
0 0.8546370967741935 0.86548874323169 0.19879032258064516 0.061555998860074096
0 0.4153225806451613 0.6114277571957824 0.6379032258064516 0.03562268452550584
0 0.4149193548387097 0.6895126816756911 0.6403225806451613 0.05158164719293246
0 0.8538306451612904 0.30193787403818756 0.20040322580645162 0.0219435736677116
