0 0.3090725806451613 0.7489313194642349 0.06895161290322581 0.44856084354516956
0 0.4215725806451613 0.7492163009404389 0.06895161290322581 0.4462809917355372
0 0.5550403225806452 0.7493587916785409 0.15846774193548388 0.44770589911655745
0 0.6866935483870967 0.7492163009404389 0.06774193548387097 0.4462809917355372
0 0.8084677419354839 0.7516386434881733 0.055645161290322584 0.44314619549729267
0 0.10967741935483871 0.25021373610715303 0.08951612903225807 0.45027073240239385
0 0.2441532258064516 0.24950128241664293 0.08266129032258064 0.4499857509261898
0 0.39375 0.24907381020233685 0.1681451612903226 0.4462809917355372
0 0.5522177419354839 0.2486463379880308 0.1028225806451613 0.4471359361641494
0 0.6820564516129032 0.24978626389284697 0.06330645161290323 0.44599601025933316
0 0.9247983870967742 0.24935879167854091 0.0657258064516129 0.44856084354516956
