0 0.35524193548387095 0.09774864633798803 0.6233870967741936 0.053006554573952695
0 0.35766129032258065 0.1615844970076945 0.6209677419354839 0.06896551724137931
0 0.35766129032258065 0.21801082929609578 0.6233870967741936 0.04217725847819892
0 0.4504032258064516 0.44043887147335425 0.7419354838709677 0.017383870048446853
0 0.3564516129032258 0.5082644628099173 0.6225806451612903 0.018523795953263037
0 0.35423387096774195 0.591764035337703 0.6221774193548387 0.09432886862353948
0 0.35786290322580644 0.6671416357936735 0.619758064516129 0.03818751781134226
0 0.357258064516129 0.7039042462239955 0.6233870967741936 0.019948703334283273
0 0.39657258064516127 0.7368196067255629 0.7052419354838709 0.02992305500142491
0 0.3975806451612903 0.8170418922770021 0.7024193548387097 0.09689370190937589
0 0.3975806451612903 0.8921345112567683 0.7032258064516129 0.04132231404958678
0 0.39657258064516127 0.9301795383300085 0.7036290322580645 0.019948703334283273
