0 0.5183467741935484 0.1944998575092619 0.6262096774193548 0.034482758620689655
0 0.5784274193548387 0.2304075235109718 0.5076612903225807 0.023083499572527786
0 0.5179435483870968 0.2627529210601311 0.6286290322580645 0.03419777714448561
0 0.5778225806451613 0.30692504987175834 0.5112903225806451 0.04331718438301511
0 0.5776209677419355 0.3459675121117128 0.5076612903225807 0.02279851809632374
0 0.51875 0.3870048446850955 0.6294354838709677 0.039897406668566546
0 0.5788306451612903 0.42405243659162156 0.5100806451612904 0.02450840695354802
0 0.5776209677419355 0.4618124821886578 0.5092741935483871 0.02536335138216016
0 0.5766129032258065 0.49971501852379596 0.5120967741935484 0.022513536620119692
0 0.5772177419354839 0.5296380735252209 0.5133064516129032 0.02536335138216016
0 0.5778225806451613 0.5873468224565404 0.5096774193548387 0.023368481048731835
0 0.5774193548387097 0.6164149330293531 0.5080645161290323 0.02279851809632374
0 0.5780241935483871 0.6942148760330579 0.5116935483870968 0.079224850384725
0 0.5776209677419355 0.7509261897976632 0.5092741935483871 0.028498147620404674
0 0.5768145161290322 0.823311484753491 0.5133064516129032 0.023938444001139928
0 0.5766129032258065 0.8539469934454261 0.5112903225806451 0.024223425477343973
0 0.7497983870967742 0.9306070105443147 0.1681451612903226 0.0219435736677116
0 0.7493951612903226 0.9070960387574808 0.1681451612903226 0.013109147905386151
