0 0.24969770253929868 0.18561064087061668 0.4308746473196292 0.1664651350261991
0 0.24969770253929868 0.3716243450221685 0.430068520757759 0.18379685610640872
0 0.24929463925836357 0.567714631197098 0.4292623941958888 0.19145505844417574
0 0.24969770253929868 0.7406287787182588 0.4292623941958888 0.13422007255139057
0 0.24989923417976623 0.8935912938331319 0.43047158403869407 0.15638855300282145
0 0.7498992341797662 0.1674727932285369 0.4308746473196292 0.16968964127367997
0 0.7496977025392987 0.3530834340991536 0.42885933091495365 0.18540910923014914
0 0.7496977025392987 0.5509875050382911 0.4296654574768239 0.19266424828698106
0 0.7496977025392987 0.7220878677952439 0.426440951229343 0.13180169286577995
0 0.7503022974607013 0.876864167674325 0.4276501410721483 0.15276098347440548
