0 0.2482896237172178 0.2762998790810157 0.4304446978335234 0.07376058041112454
0 0.24800456100342075 0.4478033051189037 0.43101482326111745 0.05401047964530432
0 0.24800456100342075 0.560459492140266 0.4287343215507412 0.035872632003224506
0 0.24942987457240592 0.6831922611850061 0.43158494868871156 0.14429665457476826
0 0.24800456100342075 0.8063280935106812 0.4287343215507412 0.0705360741636437
0 0.3295324971493729 0.8925836356307941 0.27023945267958954 0.04070939137444579
0 0.7159350057012543 0.27549375251914554 0.4797605473204105 0.07214832728738413
0 0.7156499429874572 0.43671906489318824 0.4780501710376283 0.07295445384925434
0 0.7159350057012543 0.5691253526803708 0.4797605473204105 0.055622732769044746
0 0.7163625997719498 0.6835953244659412 0.47833523375142534 0.14026602176541716
0 0.7162200684150514 0.8065296251511488 0.4780501710376283 0.0709391374445788
0 0.8033067274800456 0.8929866989117292 0.3038768529076397 0.03667875856509472
