0 0.27186618299072957 0.16626360338573157 0.3639661426844015 0.15759774284562678
0 0.27065699314792424 0.33635630794034665 0.3639661426844015 0.16727126158806935
0 0.27005239822652155 0.5270052398226521 0.36275695284159615 0.19629181781539703
0 0.2712615880693269 0.6993147924224103 0.36275695284159615 0.12898024989923418
0 0.27186618299072957 0.8524788391777509 0.3615477629987908 0.14510278113663846
0 0.7718661829907296 0.16505441354292624 0.3635630794034664 0.15759774284562678
0 0.7724707779121323 0.3349455864570738 0.36235388956066106 0.1725110842402257
0 0.7718661829907296 0.5257960499798469 0.36114469971785573 0.19871019750100766
0 0.7718661829907296 0.6981056025796051 0.3587263200322451 0.12898024989923418
0 0.7712615880693269 0.8512696493349456 0.35751713018943976 0.14268440145102781
