0 0.38701874622052007 0.29646522234891676 0.08909494053618222 0.12200684150513114
0 0.45323523483168715 0.2971778791334094 0.0425317476315259 0.12058152793614596
0 0.6385809312638581 0.2973204104903079 0.3273533561781899 0.11744583808437857
0 0.8454948599072768 0.32126567844925885 0.08607135658133441 0.16704675028506272
0 0.9333803668615198 0.32867730900798175 0.08849022374521266 0.15450399087799316
0 0.3869179600886918 0.46393956670467507 0.0868776456359605 0.1160205245153934
0 0.4523281596452328 0.4646522234891676 0.04353960894980851 0.11858608893956671
0 0.6379762144728885 0.4646522234891676 0.32614392259625075 0.11744583808437857
0 0.8449909292481355 0.4901653363740023 0.08707921789961702 0.16733181299885974
0 0.9333803668615198 0.4967217787913341 0.08768393469058658 0.1547890535917902
