0 0.1791619156214367 0.31821846029826684 0.21408209806157355 0.22047561467150342
0 0.18129988597491448 0.5074566706972995 0.21265678449258837 0.13381700927045548
0 0.17930444697833525 0.7323659814590892 0.21151653363740022 0.2821442966545748
0 0.38725769669327254 0.28012898024989924 0.1137400228050171 0.07819427650141073
0 0.5336374002280502 0.28395808141878276 0.11117445838084379 0.06247480854494156
0 0.3878278221208666 0.3768641676743249 0.11944127708095781 0.07416364369205966
0 0.38597491448118587 0.5110842402257154 0.11516533637400228 0.07900040306328093
0 0.5353477765108324 0.5209592906086256 0.11345496009122007 0.0947198710197501
0 0.3923888255416192 0.6370415155179363 0.1297035347776511 0.12293430068520758
0 0.5436145952109465 0.6384522370012092 0.14367160775370583 0.1241434905280129
0 0.38925313568985176 0.820838371624345 0.12343215507411631 0.0947198710197501
0 0.5352052451539339 0.8224506247480855 0.12286202964652224 0.0947198710197501
0 0.7649657924743444 0.5413139862958485 0.22149372862029648 0.09592906086255543
0 0.7948973774230331 0.3286981056025796 0.1821550741163056 0.09310761789600967
