0 0.3876259667213499 0.20234375000000002 0.16545582376376847 0.0734375
0 0.6113194281696742 0.20265625 0.24724630888211857 0.0740625
0 0.38739161003046635 0.3128125 0.1649871103820014 0.059375000000000004
0 0.6113194281696742 0.31234375000000003 0.24724630888211857 0.0603125
0 0.3876259667213499 0.429375 0.16545582376376847 0.11812500000000001
0 0.6110850714787908 0.429375 0.24912116240918677 0.11812500000000001
0 0.3876259667213499 0.5471875 0.1668619639090696 0.058750000000000004
0 0.6113194281696742 0.5478125 0.24958987579095382 0.061875
0 0.3884462151394422 0.6284375 0.16615889383641902 0.045625
0 0.6110850714787908 0.628125 0.24771502226388564 0.045
