0 0.31633064516129034 0.2571957822741522 0.3963709677419355 0.14904531205471644
0 0.7233870967741935 0.2567683100598461 0.3951612903225806 0.1493302935309205
0 0.28588709677419355 0.3585066970646908 0.3338709677419355 0.031347962382445145
0 0.69375 0.35879167854089483 0.3342741935483871 0.031917925334853235
0 0.2836693548387097 0.1469079509831861 0.33911290322580645 0.055571387859789115
0 0.69375 0.14548304360216588 0.3431451612903226 0.058421202621829586
0 0.28608870967741934 0.47634653747506417 0.3375 0.047591906526075804
0 0.3161290322580645 0.6045882017668852 0.3959677419354839 0.19407238529495582
0 0.2862903225806452 0.7510686805357653 0.33548387096774196 0.07381020233684811
0 0.2848790322580645 0.8567968082074665 0.33669354838709675 0.0396124251923625
