0 0.326008064516129 0.18096323738956968 0.42862903225806454 0.09461385009974352
0 0.7584677419354838 0.18096323738956968 0.3588709677419355 0.09575377600455971
0 0.3252016129032258 0.3341407808492448 0.42701612903225805 0.1182673126246794
0 0.7596774193548387 0.335280706754061 0.3596774193548387 0.11940723852949559
0 0.3252016129032258 0.45326303790253636 0.42862903225806454 0.08862923909945854
0 0.7592741935483871 0.4535480193787404 0.357258064516129 0.08805927614705045
0 0.3252016129032258 0.5286406383585067 0.42862903225806454 0.03248788828726133
0 0.7576612903225807 0.5289256198347108 0.3556451612903226 0.030777999430037048
0 0.32399193548387095 0.5864918780279282 0.42943548387096775 0.031917925334853235
0 0.7588709677419355 0.5867768595041323 0.3580645161290323 0.03248788828726133
0 0.3294354838709677 0.6712738671986321 0.4467741935483871 0.055001424907381025
