0 0.5820564516129032 0.2359646622969507 0.6810483870967742 0.02792818466799658
0 0.5824596774193549 0.2747221430607011 0.680241935483871 0.027358221715588486
0 0.5816532258064516 0.32715873468224566 0.6818548387096774 0.02792818466799658
0 0.5820564516129032 0.3817326873753206 0.6810483870967742 0.0567113137646053
0 0.5824596774193549 0.43602165859219155 0.680241935483871 0.028498147620404674
0 0.5810483870967742 0.5092618979766316 0.6806451612903226 0.02792818466799658
0 0.5824596774193549 0.5501567398119123 0.6818548387096774 0.029353092049016816
0 0.5814516129032258 0.6595896266742662 0.6798387096774193 0.10458820176688516
0 0.5810483870967742 0.7353946993445426 0.6806451612903226 0.03505272157309775
0 0.5810483870967742 0.7848389854659448 0.6830645161290323 0.023368481048731835
0 0.5096774193548387 0.9256198347107438 0.8274193548387097 0.05129666571672842
