0 0.26320032245062475 0.2933295324971494 0.09995969367190649 0.12086659064994298
0 0.34119306731156795 0.2936145952109464 0.05763804917372028 0.12143671607753706
0 0.5616686819830714 0.29703534777651086 0.3833131801692866 0.11744583808437857
0 0.8035066505441355 0.32468643101482325 0.10116888351471182 0.16590649942987457
0 0.9062877871825877 0.33024515393386544 0.10197501007658202 0.1547890535917902
0 0.2646110439338976 0.4642246294184721 0.10116888351471182 0.1160205245153934
0 0.3403869407496977 0.4640820980615736 0.05199516324062878 0.11801596351197263
0 0.5612656187021362 0.4680729760547321 0.3857315598548972 0.11003420752565565
0 0.8049173720274083 0.4928734321550741 0.09834744054816606 0.16248574686431017
0 0.9042724707779122 0.4980045610034208 0.09552599758162032 0.1516533637400228
0 0.264006449012495 0.6415336374002281 0.10076582023377671 0.10119726339794755
0 0.26380491737202744 0.8082953249714937 0.10116888351471182 0.10176738882554162
0 0.34119306731156795 0.810290763968073 0.053607416364369206 0.10176738882554162
0 0.3430068520757759 0.641248574686431 0.0532043530834341 0.10062713797035348
0 0.5624748085449416 0.6416761687571266 0.38492543329302703 0.10148232611174458
0 0.5614671503426039 0.8097206385404789 0.38613462313583236 0.1023375142531357
0 0.8061265618702137 0.6663340935005702 0.09834744054816606 0.14737742303306728
0 0.903466344216042 0.6659064994298746 0.09875050382910118 0.1499429874572406
0 0.9052801289802499 0.8329532497149373 0.09995969367190649 0.15051311288483465
0 0.8059250302297462 0.8332383124287344 0.09875050382910118 0.15108323831242873
