0 0.27399193548387096 0.1426332288401254 0.0810483870967742 0.04018238814477059
0 0.37338709677419357 0.14234824736392135 0.08306451612903226 0.04075235109717869
0 0.49213709677419354 0.13935594186377886 0.12298387096774194 0.04673696209746367
0 0.6304435483870968 0.1396409233399829 0.12379032258064517 0.04730692504987176
0 0.2752016129032258 0.2298375605585637 0.08266129032258064 0.11427757195782275
0 0.37338709677419357 0.23026503277286978 0.08225806451612903 0.1139925904816187
0 0.4905241935483871 0.23012254203476776 0.12137096774193548 0.11370760900541466
0 0.6306451612903226 0.2298375605585637 0.12338709677419354 0.11427757195782275
0 0.7705645161290322 0.13850099743516672 0.12258064516129032 0.048446850954687946
0 0.8891129032258065 0.1433456825306355 0.0814516129032258 0.039897406668566546
0 0.7693548387096775 0.22998005129666574 0.12258064516129032 0.1139925904816187
0 0.8893145161290322 0.23012254203476776 0.0842741935483871 0.11370760900541466
