0 0.16832953249714938 0.36497380088673925 0.25912200684150516 0.05118903667875857
0 0.1676168757126568 0.47702539298669894 0.26567844925883694 0.050382910116888356
0 0.1669042189281642 0.6066102378073358 0.26254275940706956 0.04594921402660218
0 0.16804446978335233 0.7307537283353487 0.2619726339794755 0.11366384522370013
0 0.169327251995439 0.8956066102378074 0.2645381984036488 0.12091898428053205
0 0.5072690992018244 0.4044740024183797 0.2619726339794755 0.1285771866182991
0 0.5048460661345496 0.667875856509472 0.26225769669327254 0.09109230149133414
0 0.5042759407069556 0.8579201934703748 0.2588369441277081 0.17533252720677148
0 0.8432155074116305 0.3863361547762999 0.2611174458380844 0.05280128980249899
0 0.8430729760547321 0.4667472793228537 0.26254275940706956 0.04594921402660218
0 0.8420752565564424 0.5667069729947602 0.2628278221208666 0.0532043530834341
