0 0.6872983870967742 0.2164434311769735 0.5294354838709677 0.027643203191792535
0 0.6852822580645161 0.26688515246508976 0.5278225806451613 0.027643203191792535
0 0.6868951612903226 0.3458250213736107 0.5350806451612903 0.04531205471644344
0 0.6877016129032258 0.4314619549729268 0.5310483870967742 0.028498147620404674
0 0.6848790322580646 0.4967227130236535 0.5286290322580646 0.03362781419207752
0 0.6887096774193548 0.5696779709318894 0.532258064516129 0.04616699914505557
0 0.6883064516129033 0.6490453120547165 0.5362903225806451 0.04417212881162725
0 0.683266129032258 0.7091764035337703 0.5221774193548387 0.017383870048446853
0 0.6907258064516129 0.7670276432031918 0.532258064516129 0.04531205471644344
0 0.6862903225806452 0.8419777714448561 0.5314516129032258 0.04360216585921915
0 0.6870967741935484 0.9176403533770305 0.5330645161290323 0.048446850954687946
