0 0.6698564593301435 0.09052069425901202 0.493191019506809 0.06088117489986649
0 0.6718807508281193 0.1602136181575434 0.4950312845049687 0.06355140186915888
0 0.6718807508281193 0.23124165554072096 0.49135075450864923 0.05874499332443258
0 0.5322046374677953 0.42443257676902535 0.222304011777696 0.09692923898531375
0 0.8027235921972764 0.42510013351134845 0.22524843577475157 0.09666221628838452
0 0.5233713654766287 0.5646194926568758 0.20169304379830696 0.13644859813084112
0 0.7937062937062936 0.5623497997329773 0.19764446080235554 0.13190921228304406
0 0.5147221199852778 0.7248331108144193 0.201324990798675 0.07022696929238985
0 0.7880014722119986 0.7257676902536716 0.19285977180714023 0.06728971962616823
0 0.5143540669856459 0.8353805073431242 0.1895472948104527 0.05046728971962617
0 0.7865292602134707 0.8361815754339119 0.19138755980861244 0.053671562082777034
