0 0.286345496009122 0.15521064301552107 0.5333523375142531 0.09594839750050393
0 0.28492018244013684 0.27605321507760533 0.5316419612314709 0.06107639588792582
0 0.2843500570125428 0.38459987905664184 0.5265108323831243 0.041523886313243295
0 0.2853477765108324 0.5451521870590607 0.5290763968072976 0.15017133642410804
0 0.2632554161915622 0.7304978834912316 0.47462941847206386 0.13303769401330376
0 0.7261972633979475 0.09131223543640395 0.3492018244013683 0.07780689377141706
0 0.729618015963512 0.19925418262447087 0.3492018244013683 0.0763958879258214
0 0.7310433295324972 0.33672646643821813 0.3560433295324972 0.09574682523684741
0 0.7326111744583809 0.4444668413626285 0.3597491448118586 0.10078613182826043
0 0.7300456100342075 0.5550292279782302 0.35575826681870015 0.10743801652892562
