0 0.38611167103406574 0.29632269099201825 0.08969965732715178 0.12001140250855188
0 0.4524289457770611 0.2956100342075257 0.04212860310421286 0.11744583808437857
0 0.6360612779681516 0.2971778791334094 0.3251360612779682 0.11431014823261118
0 0.8441846401935094 0.32468643101482325 0.08869179600886919 0.16248574686431017
0 0.9343882281798025 0.33024515393386544 0.08929651279983875 0.15706955530216649
0 0.9343882281798025 0.49700684150513114 0.09010280185446483 0.15763968072976056
0 0.8443862124571659 0.4951539338654504 0.08345091715379964 0.16590649942987457
0 0.38671638782503526 0.4643671607753706 0.08768393469058658 0.11801596351197263
0 0.4524289457770611 0.4646522234891676 0.045353759322717194 0.12086659064994298
0 0.6384801451320299 0.46550741163055875 0.3267486393872203 0.11573546180159636
0 0.9336827252570047 0.8326681870011403 0.08748236242693005 0.15393386545039908
0 0.845192501511792 0.8319555302166477 0.08949808506349527 0.1525085518814139
0 0.9329772223342068 0.6634834663625998 0.08768393469058658 0.15706955530216649
0 0.8454948599072768 0.6606328392246295 0.08768393469058658 0.1582098061573546
0 0.3871195323523483 0.6325541619156214 0.08808707921789961 0.11915621436716078
0 0.386212457165894 0.8007411630558723 0.0899012295908083 0.11801596351197263
0 0.4526305180407176 0.6315564424173319 0.04132231404958678 0.12115165336374002
0 0.45273130417254587 0.8003135689851768 0.04233017536786938 0.11830102622576967
0 0.6367667808909494 0.6338369441277081 0.32695021165087684 0.11773090079817561
0 0.636968353154606 0.8015963511972635 0.3265470671235638 0.10946408209806158
