0 0.4949019607843137 0.1881248106634353 0.7098039215686274 0.04847016055740685
0 0.4941176470588235 0.25734625870948197 0.7098039215686274 0.038473189942441685
0 0.49509803921568624 0.35110572553771585 0.711764705882353 0.09875795213571645
0 0.4933333333333333 0.4382005452893063 0.7098039215686274 0.04877309906089064
0 0.4933333333333333 0.5068161163283853 0.7113725490196078 0.036352620418055134
0 0.49549019607843137 0.5898212662829445 0.7109803921568627 0.05089366858527719
0 0.4945098039215686 0.6581338988185398 0.7105882352941176 0.038473189942441685
0 0.49529411764705883 0.7523477734019994 0.7105882352941176 0.09906089063920025
0 0.4945098039215686 0.8377764313844289 0.7090196078431372 0.048167222053923056
0 0.49529411764705883 0.907906694940927 0.7105882352941176 0.03695849742502272
