0 0.13364241080427333 0.50769669327252 0.19794396291070349 0.06841505131128849
0 0.13303769401330376 0.5692702394526796 0.1991533964926426 0.04218928164196123
0 0.13384398306792986 0.6307012542759407 0.1999596855472687 0.06755986316989739
0 0.13253376335416248 0.6931299885974914 0.20016125781092522 0.04247434435575827
0 0.1345494859907277 0.8155644241733182 0.1961298125377948 0.049030786773090085
0 0.1329369078814755 0.8694412770809579 0.19935496875629913 0.04732041049030787
0 0.35547268695827455 0.28705815279361463 0.19814553517436 0.03591790193842646
0 0.3555734730901028 0.3330957810718358 0.1991533964926426 0.04703534777651083
0 0.35527111469461803 0.4093500570125428 0.19935496875629913 0.08893956670467504
0 0.7473291675065511 0.3521949828962372 0.43519451723442854 0.3241163055872292
0 0.6806087482362427 0.9395667046750286 0.28159645232815966 0.0330672748004561
