0 0.1732327465772562 0.6412617554858934 0.2950544844928751 0.05995297805642633
0 0.1733724504051411 0.9032131661442006 0.2970103380832635 0.023510971786833854
0 0.17197541212629225 0.7705721003134796 0.2925398155909472 0.06857366771159874
0 0.5039117071807767 0.17692006269592475 0.29142218496786815 0.04114420062695925
0 0.503632299525007 0.2225705329153605 0.2942162615255658 0.050156739811912224
0 0.5053087454596256 0.36873040752351094 0.2869516624755518 0.0877742946708464
0 0.5018161497625035 0.7025862068965517 0.29226040793517744 0.029780564263322883
0 0.5044705224923163 0.7893808777429466 0.28862810841017045 0.02860501567398119
0 0.4955294775076837 0.8824451410658307 0.27465772562168206 0.03761755485893417
0 0.8292819223246717 0.18887147335423196 0.27717239452361 0.050156739811912224
0 0.8315171835708298 0.2556818181818182 0.28164291701592625 0.021551724137931032
0 0.8306789606035205 0.3781347962382445 0.2799664710813076 0.048589341692789965
0 0.8288628108410171 0.668103448275862 0.27801061749091927 0.0713166144200627
0 0.8274657725621682 0.8107366771159874 0.28248113998323554 0.07366771159874608
