0 0.4973790322580645 0.16842405243659164 0.8383064516129032 0.061555998860074096
0 0.49778225806451615 0.23126246793958394 0.8383064516129032 0.03562268452550584
0 0.4973790322580645 0.3096323738956968 0.8383064516129032 0.02365346252493588
0 0.4975806451612903 0.35366201196922203 0.8362903225806452 0.03476774009689371
0 0.4967741935483871 0.41308064975776576 0.8370967741935483 0.011114277571957824
0 0.4969758064516129 0.5008549444286121 0.8375 0.060131091479053864
0 0.4975806451612903 0.5686805357651753 0.8403225806451613 0.03505272157309775
0 0.4969758064516129 0.6477628954117982 0.8415322580645161 0.02279851809632374
0 0.4969758064516129 0.6845255058421202 0.8391129032258065 0.025078369905956115
0 0.4963709677419355 0.7202906811057281 0.8403225806451613 0.02365346252493588
0 0.4971774193548387 0.7821316614420063 0.839516129032258 0.023083499572527786
0 0.4969758064516129 0.8178968367056142 0.8391129032258065 0.02450840695354802
0 0.49556451612903224 0.8667711598746082 0.8379032258064516 0.023083499572527786
0 0.4965725806451613 0.901966372185808 0.8383064516129032 0.023938444001139928
