0 0.4112903225806452 0.18253063550869195 0.7016129032258065 0.04303220290681106
0 0.40846774193548385 0.25976061555998864 0.6959677419354838 0.041892277001994875
0 0.2709677419354839 0.3603590766600171 0.4266129032258065 0.04303220290681106
0 0.7165322580645161 0.36178398404103734 0.38064516129032255 0.041892277001994875
0 0.2725806451612903 0.4609575377600456 0.4266129032258065 0.041892277001994875
0 0.7173387096774193 0.46166999145055576 0.3758064516129032 0.045027073240239385
0 0.2717741935483871 0.5484468509546879 0.4282258064516129 0.04075235109717869
0 0.7157258064516129 0.5500142490738102 0.3790322580645161 0.039897406668566546
0 0.4056451612903226 0.6497577657452266 0.6983870967741935 0.11855229410088344
0 0.2754032258064516 0.8268737532060416 0.42983870967741933 0.15645483043602165
