0 0.2508551881413911 0.33837162434502216 0.45381984036488027 0.07859733978234583
0 0.2501425313568985 0.4709794437726723 0.4523945267958951 0.0761789600967352
0 0.24971493728620298 0.6193067311567917 0.45267958950969217 0.17372027408303103
0 0.25114025085518815 0.7767029423619508 0.45438996579247437 0.10157194679564692
0 0.2501425313568985 0.9087061668681984 0.4523945267958951 0.06569931479242241
0 0.750285062713797 0.9318823055219669 0.4549600912200684 0.07335751713018944
0 0.749714937286203 0.7007255139056833 0.45438996579247437 0.06569931479242241
0 0.7495724059293045 0.40507859733978235 0.45410490307867735 0.1725110842402257
0 0.7498574686431015 0.5650947198710198 0.45524515393386544 0.10802095929060863
0 0.7482896237172179 0.25453446191052 0.4555302166476625 0.0882708585247884
0 0.7495724059293045 0.11225312374042726 0.45410490307867735 0.08988311164852883
