0 0.4897218863361548 0.15692702394526797 0.9173720274083031 0.08010262257696693
0 0.49072954453849255 0.2418757126567845 0.9177750906892382 0.059007981755986316
0 0.48911729141475213 0.33637400228050174 0.9185812172511084 0.02565564424173318
0 0.4911326078194277 0.3919612314709236 0.9209995969367191 0.058152793614595216
0 0.4895203546956872 0.44070695553021666 0.9201934703748489 0.011972633979475485
0 0.4897218863361548 0.5357753705815279 0.9222087867795244 0.061858608893956675
0 0.4911326078194277 0.6007696693272521 0.9209995969367191 0.03620296465222349
0 0.49032648125755746 0.6721778791334093 0.9193873438129787 0.02508551881413911
0 0.4897218863361548 0.7090935005701254 0.9197904070939138 0.02594070695553022
0 0.4897218863361548 0.7472919042189282 0.9197904070939138 0.025370581527936146
0 0.4897218863361548 0.8120011402508552 0.9197904070939138 0.02594070695553022
0 0.49133413945989524 0.8501995438996579 0.920596533655784 0.025370581527936146
0 0.4901249496170899 0.8998004561003421 0.9214026602176542 0.024230330672748004
0 0.4893188230552197 0.9372862029646523 0.9189842805320436 0.02394526795895097
