0 0.6742730953257269 0.2389853137516689 0.4983437615016562 0.0678237650200267
0 0.6755612808244387 0.309479305740988 0.5038645564961355 0.06622162883845127
0 0.6683842473316157 0.3739652870493992 0.48656606551343395 0.04886515353805074
0 0.6674641148325359 0.42443257676902535 0.4832535885167464 0.04619492656875834
0 0.6705925653294075 0.4977303070761015 0.49760765550239233 0.06622162883845127
0 0.6742730953257269 0.5774365821094793 0.4939271255060729 0.042456608811749
0 0.6713286713286714 0.6393858477970628 0.4880382775119617 0.04672897196261682
0 0.6691203533308796 0.7064085447263018 0.48509385351490614 0.06168224299065421
0 0.6722488038277512 0.7805073431241656 0.49135075450864923 0.059813084112149535
0 0.673352962826647 0.8411214953271028 0.4920868605079131 0.04539385847797063
0 0.6694884063305115 0.8882510013351135 0.4887743835112256 0.041922563417890524
0 0.6680161943319838 0.929506008010681 0.48730217151269783 0.030974632843791722
